1 0.40124031007751937 0.0698974358974359 0.09468992248062015 0.08856410256410256
1 0.5492635658914728 0.14133333333333334 0.1136046511627907 0.09994871794871794
1 0.5772868217054263 0.035487179487179485 0.09263565891472868 0.06456410256410257
1 0.6541860465116279 0.02969230769230769 0.09868217054263566 0.05938461538461538
1 0.9088759689922481 0.09128205128205129 0.11147286821705427 0.112
1 0.8385271317829458 0.1432820512820513 0.09426356589147288 0.08466666666666667
1 0.8500000000000001 0.22702564102564105 0.08089147286821706 0.05984615384615385
1 0.8812015503875968 0.3394358974358974 0.10375968992248062 0.11800000000000001
1 0.8267829457364341 0.37235897435897436 0.08534883720930232 0.10051282051282052
1 0.7774806201550388 0.43851282051282053 0.09821705426356589 0.08856410256410256
1 0.719108527131783 0.560974358974359 0.09042635658914729 0.10271794871794872
1 0.8104651162790697 0.6031794871794872 0.09151162790697674 0.11338461538461538
1 0.8951937984496124 0.5732820512820513 0.05984496124031007 0.05676923076923077
1 0.9567829457364341 0.6365128205128205 0.05465116279069767 0.08394871794871796
1 0.8986046511627908 0.8355897435897436 0.13682170542635658 0.1294871794871795
1 0.7292635658914729 0.7314871794871795 0.09511627906976744 0.10076923076923076
1 0.6465503875968992 0.8136410256410256 0.11527131782945736 0.13364102564102565
1 0.5346511627906977 0.9400000000000001 0.11368217054263566 0.10753846153846153
1 0.7267829457364341 0.9607179487179487 0.08883720930232558 0.07851282051282052
1 0.46282945736434106 0.7527692307692307 0.10232558139534884 0.09210256410256411
1 0.5662403100775194 0.6489230769230769 0.11655038759689923 0.10548717948717949
1 0.34383720930232553 0.5781025641025641 0.07868217054263567 0.1337948717948718
1 0.3503488372093023 0.4013333333333334 0.09472868217054264 0.0975897435897436
1 0.38856589147286824 0.319025641025641 0.08131782945736435 0.06107692307692308
1 0.4093798449612403 0.24446153846153848 0.1003875968992248 0.06661538461538462
1 0.46325581395348836 0.42225641025641025 0.10151162790697675 0.10087179487179489
1 0.3975193798449613 0.5162564102564102 0.061007751937984495 0.09666666666666668
1 0.30375968992248065 0.7467692307692307 0.07647286821705426 0.15384615384615385
1 0.29848837209302326 0.9687692307692307 0.07736434108527132 0.0625128205128205
1 0.22069767441860463 0.7051794871794871 0.09965116279069768 0.11548717948717949
1 0.24000000000000002 0.5703589743589743 0.095 0.11189743589743589
1 0.27705426356589147 0.3911282051282051 0.10569767441860466 0.11558974358974358
1 0.20031007751937985 0.4524102564102564 0.07744186046511628 0.12917948717948718
1 0.11875968992248062 0.37425641025641027 0.09763565891472868 0.07866666666666666
1 0.1705813953488372 0.187025641025641 0.09337209302325582 0.076
1 0.2687209302325581 0.14266666666666666 0.102984496124031 0.07379487179487179
1 0.33934108527131784 0.055794871794871796 0.06488372093023255 0.0538974358974359
1 0.29887596899224805 0.033589743589743586 0.08627906976744186 0.06717948717948717
1 0.06325581395348838 0.20292307692307693 0.09720930232558139 0.07574358974358975
1 0.02201550387596899 0.6541025641025641 0.04403100775193798 0.12548717948717947
1 0.11965116279069768 0.6822051282051282 0.10515503875968991 0.108
1 0.15872093023255815 0.5786666666666667 0.07670542635658914 0.08687179487179487
1 0.050387596899224806 0.8298974358974359 0.09872093023255814 0.07964102564102564
1 0.07434108527131783 0.9274358974358974 0.10414728682170543 0.10805128205128205