1 0.08501818181818181 0.24114754098360658 0.09381818181818181 0.16732240437158472
1 0.16952727272727272 0.22721311475409836 0.06236363636363636 0.1491256830601093
1 0.21007272727272727 0.2874863387978142 0.07283636363636364 0.11530054644808745
1 0.28825454545454543 0.30010928961748634 0.1116 0.17907103825136614
1 0.4159272727272727 0.209344262295082 0.09527272727272727 0.12300546448087432
1 0.4218545454545455 0.3915846994535519 0.12203636363636365 0.1756830601092896
1 0.37545454545454543 0.5743715846994536 0.15894545454545456 0.1812568306010929
1 0.2610909090909091 0.5210928961748634 0.1352727272727273 0.17426229508196722
1 0.49127272727272725 0.7243169398907104 0.10265454545454546 0.21114754098360655
1 0.5565818181818182 0.4424043715846994 0.15410909090909092 0.24830601092896173
1 0.6501818181818182 0.6120218579234973 0.10174545454545454 0.16650273224043716
1 0.5728727272727272 0.7467759562841529 0.09781818181818182 0.20775956284153008
1 0.8024363636363636 0.45907103825136614 0.09178181818181817 0.13065573770491803
1 0.8921454545454546 0.48131147540983604 0.09363636363636364 0.10442622950819672
1 0.9554181818181818 0.5416393442622951 0.0448 0.10617486338797814
1 0.8959636363636363 0.5902732240437158 0.0848 0.08125683060109289
1 0.8921818181818182 0.6981967213114754 0.07661818181818182 0.13316939890710383
1 0.8105454545454546 0.7467213114754099 0.108 0.1402185792349727
1 0.9161454545454545 0.8312568306010929 0.06465454545454546 0.1325136612021858