1 0.064 0.33524590163934426 0.12516363636363637 0.17546448087431693
1 0.030690909090909088 0.5159016393442623 0.06134545454545455 0.22497267759562842
1 0.06490909090909092 0.8020218579234973 0.12978181818181816 0.19295081967213115
1 0.16163636363636363 0.6673224043715847 0.14712727272727272 0.21284153005464482
1 0.1978181818181818 0.3731693989071039 0.08854545454545455 0.18065573770491805
1 0.17796363636363635 0.22950819672131148 0.12181818181818181 0.13114754098360656
1 0.1956 0.1112568306010929 0.10156363636363636 0.1292896174863388
1 0.3737090909090909 0.09120218579234973 0.12636363636363637 0.10202185792349727
1 0.3246545454545455 0.19142076502732241 0.14930909090909092 0.12568306010928962
1 0.36312727272727274 0.3221311475409836 0.1672 0.18136612021857923
1 0.29167272727272725 0.40748633879781415 0.1404 0.14639344262295081
1 0.3046909090909091 0.534863387978142 0.17214545454545455 0.17617486338797816
1 0.47807272727272726 0.1533879781420765 0.0805090909090909 0.0881967213114754
1 0.5605090909090908 0.20956284153005464 0.11705454545454545 0.0719672131147541
1 0.5762545454545455 0.3136065573770492 0.10145454545454545 0.09043715846994536
1 0.6809454545454545 0.054699453551912566 0.12047272727272729 0.09016393442622951
1 0.8235636363636363 0.04978142076502732 0.12763636363636363 0.07060109289617486
1 0.8764363636363637 0.15153005464480876 0.13498181818181818 0.11021857923497269
1 0.8688363636363636 0.3289071038251366 0.0941090909090909 0.13382513661202186
1 0.9702545454545455 0.43071038251366117 0.05949090909090909 0.08989071038251366
1 0.7242181818181818 0.29633879781420763 0.13734545454545455 0.11699453551912568
1 0.7345818181818181 0.40442622950819673 0.15716363636363637 0.11775956284153005
1 0.6424727272727273 0.45989071038251367 0.11476363636363636 0.14830601092896176
1 0.5445818181818182 0.5361748633879782 0.09025454545454546 0.16262295081967215
1 0.7802181818181818 0.7052459016393443 0.18639999999999998 0.20508196721311475
1 0.9376363636363637 0.6560109289617486 0.12476363636363637 0.18693989071038253
1 0.8898181818181817 0.7981420765027323 0.1334181818181818 0.15617486338797812
1 0.45309090909090904 0.7691803278688524 0.19407272727272726 0.14010928961748634
1 0.36785454545454543 0.9516393442622951 0.18483636363636363 0.09677595628415302
1 0.08854545454545455 0.9337158469945356 0.12316363636363635 0.11551912568306011
1 0.7868 0.5281967213114754 0.1482181818181818 0.11131147540983607