0 0.34698608964451316 0.163125 0.21792890262751158 0.14125
0 0.7550231839258115 0.173125 0.16537867078825347 0.11375
0 0.598145285935085 0.186875 0.17928902627511592 0.14875
0 0.7627511591962906 0.293125 0.24884080370942813 0.13125
0 0.21278207109737246 0.295625 0.18238021638330756 0.14875
0 0.4992272024729521 0.31375 0.21638330757341576 0.19
0 0.3160741885625966 0.375 0.26120556414219476 0.1375
0 0.9134466769706336 0.401875 0.15146831530139104 0.20875
0 0.6537867078825348 0.435 0.21020092735703247 0.205
0 0.7905718701700154 0.489375 0.18701700154559506 0.20375
0 0.11978361669242658 0.496875 0.18701700154559506 0.16375
0 0.3562596599690881 0.530625 0.2426584234930448 0.17375