4 0.6882999999999999 0.34144144144144145 0.10228 0.16582582582582583
4 0.43695999999999996 0.344954954954955 0.1156 0.15336336336336337
4 0.60542 0.37708708708708705 0.12986 0.1696096096096096
4 0.39074000000000003 0.425945945945946 0.12984 0.18324324324324326
4 0.96758 0.45792792792792797 0.06484000000000001 0.1711111111111111
4 0.159 0.46714714714714717 0.12766 0.18156156156156156
4 0.43522000000000005 0.5434834834834834 0.15478 0.23414414414414414
4 0.25895999999999997 0.5669369369369369 0.1356 0.1889189189189189
4 0.74054 0.6083183183183183 0.16808 0.22363363363363364
4 0.15803999999999999 0.6521321321321322 0.14016 0.1340840840840841
4 0.8755599999999999 0.6530330330330331 0.15732 0.24408408408408408
4 0.40618 0.8325525525525526 0.24603999999999998 0.3348948948948949
4 0.10966 0.8463063063063063 0.17194 0.3073873873873874
4 0.68338 0.8603603603603603 0.30616000000000004 0.27927927927927926
4 0.39686 0.11198198198198198 0.08874 0.12384384384384385
4 0.5964400000000001 0.14177177177177178 0.0867 0.12426426426426428
4 0.025920000000000002 0.16837837837837838 0.051840000000000004 0.1406006006006006
4 0.7574 0.2003003003003003 0.1015 0.15090090090090091
4 0.96558 0.22084084084084085 0.06884 0.11732732732732733
4 0.32132 0.23546546546546546 0.09768 0.15462462462462462
4 0.1884 0.24177177177177178 0.11448 0.1512012012012012
4 0.83002 0.25465465465465464 0.0872 0.11084084084084084