4 0.9502200000000001 0.459758064516129 0.09956 0.16999999999999998
4 0.38614 0.05467741935483871 0.04136 0.10092741935483872
4 0.4561 0.5275 0.08778 0.24379032258064517
4 0.20668 0.5525806451612902 0.06896 0.1895967741935484
4 0.62448 0.5631048387096774 0.1022 0.2770564516129032
4 0.37924 0.6584274193548387 0.0635 0.1451209677419355
4 0.51148 0.7181451612903226 0.08326 0.21713709677419354
4 0.92286 0.7247983870967742 0.099 0.19245967741935482
4 0.76374 0.7381854838709677 0.13132 0.3094354838709677
4 0.66406 0.7754435483870968 0.08724 0.2510483870967742
4 0.10382 0.7775 0.13382 0.3547983870967742
4 0.9672799999999999 0.8635887096774193 0.06545999999999999 0.26137096774193547
4 0.38188 0.865 0.06876 0.15975806451612903
4 0.18084 0.0907258064516129 0.03374 0.09133064516129032
4 0.8820399999999999 0.8910483870967741 0.10790000000000001 0.19592741935483873
4 0.62994 0.9186290322580645 0.09431999999999999 0.16270161290322582
4 0.5524199999999999 0.10955645161290323 0.056960000000000004 0.12830645161290322
4 0.4664 0.11165322580645162 0.05664 0.13790322580645162
4 0.75528 0.15616935483870967 0.047259999999999996 0.13201612903225807
4 0.07465999999999999 0.18298387096774194 0.047259999999999996 0.12879032258064516
4 0.68986 0.18596774193548385 0.0541 0.09310483870967742
4 0.90216 0.2194758064516129 0.0693 0.1685483870967742
4 0.43777999999999995 0.24004032258064517 0.054479999999999994 0.13701612903225804
4 0.0415 0.3311693548387097 0.06802 0.1072983870967742
4 0.30774 0.3519758064516129 0.09462000000000001 0.22012096774193549
4 0.5157200000000001 0.3530241935483871 0.05882 0.10830645161290323
4 0.171 0.36435483870967744 0.06398 0.12685483870967743
4 0.85562 0.38661290322580644 0.05626 0.11854838709677419
4 0.72072 0.40262096774193545 0.09236 0.24548387096774194