4 0.38925 0.37374999999999997 0.0660625 0.0779779411764706
4 0.8400000000000001 0.37529411764705883 0.08349999999999999 0.09216911764705882
4 0.47540625 0.388014705882353 0.077875 0.08235294117647059
4 0.66128125 0.39051470588235293 0.0878125 0.0999264705882353
4 0.9516249999999999 0.3911764705882353 0.07409375 0.0875735294117647
4 0.54984375 0.4013235294117647 0.07903125 0.08779411764705881
4 0.0310625 0.40775735294117643 0.06215625 0.08794117647058824
4 0.13503125 0.4755882352941177 0.074125 0.09786764705882353
4 0.67653125 0.48919117647058824 0.0985625 0.08823529411764706
4 0.47115625000000005 0.5021691176470588 0.08256250000000001 0.10647058823529412
4 0.3233125 0.5074264705882353 0.09578125 0.09261029411764707
4 0.549875 0.5098161764705882 0.0985625 0.11404411764705882
4 0.23821875 0.5261764705882354 0.07790625 0.08827205882352941
4 0.67109375 0.5925 0.09762499999999999 0.12077205882352941
4 0.9075625 0.6039338235294118 0.10340625 0.15136029411764707
4 0.7929999999999999 0.6100735294117647 0.09140625 0.11720588235294117
4 0.5403749999999999 0.6266544117647058 0.0894375 0.1155514705882353
4 0.29509375000000004 0.6321691176470587 0.1054375 0.1149264705882353
4 0.16815625 0.6394117647058823 0.08940624999999999 0.10488970588235294
4 0.46896875 0.6861764705882353 0.10453125 0.11073529411764706
4 0.09890625 0.6912867647058824 0.09796875000000001 0.1054779411764706
4 0.7164375 0.7340441176470588 0.09946875 0.11360294117647059
4 0.03615625 0.7508088235294118 0.0723125 0.10845588235294118
4 0.29584375 0.8246691176470589 0.09475 0.11904411764705883
4 0.56103125 0.840110294117647 0.09784375 0.10904411764705882
4 0.1360625 0.8613970588235295 0.11556249999999998 0.1256985294117647
4 0.47496875000000005 0.8618014705882353 0.08690624999999999 0.1252941176470588
4 0.9690312499999999 0.8772426470588236 0.061906249999999996 0.12911764705882353
4 0.84296875 0.8853308823529412 0.12553125 0.16849264705882352
4 0.745125 0.9343014705882353 0.08628125 0.12238970588235294
4 0.19684375 0.1729044117647059 0.06965625 0.07716911764705882
4 0.917 0.1924264705882353 0.0523125 0.0705514705882353
4 0.10753125 0.21080882352941177 0.079 0.08106617647058824
4 0.6291249999999999 0.2236764705882353 0.07615625000000001 0.08746323529411765
4 0.45996875 0.230625 0.0896875 0.09073529411764705
4 0.724625 0.23297794117647058 0.08549999999999999 0.09547794117647058
4 0.19125 0.26544117647058824 0.08196875 0.078125
4 0.29275 0.26985294117647063 0.08315625 0.07172794117647059
4 0.56853125 0.27378676470588237 0.0801875 0.07742647058823529
4 0.74675 0.346360294117647 0.0769375 0.09481617647058824
4 0.17646875 0.34915441176470585 0.07628125 0.0906985294117647
4 0.27740624999999997 0.3651470588235294 0.08675000000000001 0.09286764705882354