0 0.39659685863874344 0.19553072625698323 0.1387434554973822 0.0893854748603352
0 0.6361256544502618 0.24767225325884543 0.193717277486911 0.1191806331471136
0 0.8481675392670157 0.2541899441340782 0.17801047120418848 0.10614525139664804
0 0.16099476439790575 0.26908752327746743 0.17015706806282724 0.12849162011173185
0 0.443717277486911 0.2783985102420857 0.1544502617801047 0.12104283054003724
0 0.30497382198952877 0.34823091247672255 0.1544502617801047 0.1303538175046555
0 0.7486910994764397 0.3780260707635009 0.15706806282722513 0.14152700186219738
0 0.5091623036649214 0.38361266294227186 0.1806282722513089 0.1340782122905028
0 0.4620418848167539 0.10800744878957169 0.14921465968586387 0.1042830540037244
0 0.6151832460732984 0.1387337057728119 0.17277486910994763 0.11359404096834265
0 0.8010471204188482 0.14804469273743018 0.13612565445026178 0.12476722532588454
0 0.2395287958115183 0.15921787709497207 0.1649214659685864 0.11731843575418995