4 0.83126 0.31141141141141143 0.06664 0.09843843843843844
4 0.08474 0.3355855855855856 0.09454000000000001 0.13435435435435436
4 0.4259 0.3450450450450451 0.06982 0.11450450450450451
4 0.49668 0.35582582582582584 0.0706 0.11006006006006006
4 0.9294600000000001 0.37876876876876875 0.07402 0.11777777777777777
4 0.14168 0.37891891891891893 0.07704000000000001 0.08918918918918918
4 0.71736 0.38333333333333336 0.07644 0.09402402402402402
4 0.24384 0.3856756756756757 0.06804 0.1066966966966967
4 0.80386 0.40312312312312315 0.08502 0.10147147147147147
4 0.28922000000000003 0.4037537537537537 0.07881999999999999 0.10282282282282283
4 0.34546 0.4386786786786787 0.05798 0.08054054054054054
4 0.40032 0.46858858858858854 0.09036 0.1083783783783784
4 0.7014199999999999 0.4687687687687688 0.07004 0.09651651651651652
4 0.5925 0.4756156156156156 0.0854 0.09837837837837837
4 0.84282 0.49612612612612617 0.09544 0.1268168168168168
4 0.46264 0.5368768768768769 0.0843 0.09675675675675675
4 0.30994 0.5592492492492492 0.10426 0.10546546546546545
4 0.94038 0.5633333333333334 0.096 0.11459459459459459
4 0.66122 0.5706306306306307 0.08414 0.09219219219219218
4 0.8857200000000001 0.6194294294294295 0.09315999999999999 0.13777777777777778
4 0.10031999999999999 0.6202702702702703 0.09836 0.1154054054054054
4 0.7965 0.6227027027027028 0.08272 0.13633633633633632
4 0.51176 0.6443543543543543 0.09014 0.13072072072072072
4 0.6738 0.6548648648648648 0.1013 0.12852852852852853
4 0.4698 0.06633633633633633 0.047979999999999995 0.06861861861861862
4 0.30048 0.6675675675675676 0.08002 0.10192192192192191
4 0.18603999999999998 0.6680780780780781 0.09912 0.11891891891891893
4 0.40212 0.7231231231231232 0.07794 0.11693693693693694
4 0.9615199999999999 0.7355255255255255 0.07694 0.1897897897897898
4 0.7172000000000001 0.7496396396396396 0.13476 0.18195195195195196
4 0.57694 0.7720720720720722 0.06812 0.1420720720720721
4 0.6496799999999999 0.8000900900900901 0.09706000000000001 0.18174174174174176
4 0.43256 0.8126126126126126 0.12284 0.15174174174174174
4 0.1584 0.8254954954954955 0.11044 0.19933933933933934
4 0.57984 0.08468468468468468 0.0414 0.06528528528528528
4 0.29334 0.8448348348348348 0.15434 0.17006006006006008
4 0.0706 0.8813213213213213 0.1349 0.1850750750750751
4 0.5180800000000001 0.9164264264264265 0.13918 0.16717717717717717
4 0.88006 0.14417417417417416 0.05782 0.07615615615615616
4 0.15303999999999998 0.20945945945945946 0.0762 0.09759759759759759
4 0.75128 0.22273273273273272 0.05626 0.07414414414414415
4 0.3471 0.2239339339339339 0.06658 0.09150150150150149
4 0.80252 0.24516516516516518 0.05484000000000001 0.0721921921921922
4 0.42646 0.2582882882882883 0.06795999999999999 0.0721021021021021
4 0.29758 0.2678378378378378 0.06354 0.10327327327327328
4 0.97224 0.27402402402402404 0.05552 0.0915915915915916
4 0.57116 0.2880780780780781 0.07202 0.10765765765765767
4 0.6838 0.28894894894894896 0.0714 0.07786786786786787
4 0.23048 0.2997597597597597 0.07868 0.09504504504504505