2 0.17752 0.37263636363636365 0.02828 0.0353030303030303
2 0.11338 0.3843939393939394 0.02286 0.041545454545454545
2 0.5745 0.3986060606060606 0.02072 0.03742424242424242
2 0.62948 0.41351515151515156 0.03508 0.06078787878787879
2 0.90042 0.42096969696969694 0.03336 0.04851515151515152
2 0.06437999999999999 0.4228181818181818 0.02844 0.04081818181818182
2 0.83084 0.44393939393939397 0.037759999999999995 0.05239393939393939
2 0.27584 0.4636363636363636 0.03064 0.05712121212121213
2 0.23286 0.47239393939393937 0.03324 0.053
2 0.9500599999999999 0.47575757575757577 0.04194 0.06406060606060607
2 0.80668 0.48296969696969694 0.04374 0.07848484848484848