4 0.067984375 0.03699275362318841 0.03653125 0.07402173913043478
4 0.099984375 0.3680072463768116 0.038015625 0.07829710144927536
4 0.14546874999999998 0.37521739130434784 0.037640625 0.0982608695652174
4 0.404203125 0.38355072463768114 0.052703124999999997 0.08706521739130435
4 0.264484375 0.3905072463768116 0.04190625 0.09416666666666666
4 0.30365625 0.3908695652173913 0.04153125 0.09057971014492754
4 0.652671875 0.04083333333333333 0.043578125 0.08166666666666667
4 0.57759375 0.4147101449275362 0.04009375 0.0782608695652174
4 0.0164375 0.04452898550724638 0.032 0.08905797101449275
4 0.18021875 0.05394927536231884 0.0278125 0.0688768115942029
4 0.887296875 0.08583333333333334 0.036921875 0.10239130434782609
4 0.31646874999999997 0.08605072463768115 0.03715625 0.08851449275362319
4 0.51725 0.09518115942028986 0.041453125 0.07652173913043478
4 0.04528125 0.15514492753623188 0.04159375 0.08731884057971015
4 0.144 0.15862318840579712 0.039515625 0.11659420289855073
4 0.711890625 0.20282608695652174 0.04309375 0.10463768115942029
4 0.091734375 0.20626811594202898 0.038359375 0.09478260869565218
4 0.20812499999999998 0.21778985507246376 0.035984375 0.08108695652173913
4 0.82653125 0.22355072463768116 0.039203125 0.11264492753623188
4 0.015046875000000001 0.2252536231884058 0.030078125 0.11293478260869566
4 0.423015625 0.2830797101449275 0.0380625 0.0911231884057971
4 0.184640625 0.29442028985507246 0.047531250000000004 0.08463768115942029
4 0.232921875 0.3170652173913044 0.046671875 0.10460144927536233
4 0.652109375 0.33442028985507244 0.04140625 0.0964855072463768
4 0.5962500000000001 0.3452536231884058 0.0401875 0.08289855072463767
4 0.47639062499999996 0.35032608695652173 0.04084375 0.09594202898550724
4 0.026640625 0.3594927536231884 0.040375 0.08351449275362319
4 0.33923437500000003 0.35967391304347823 0.040015625 0.1144927536231884