0 0.361 0.107 0.124 0.106
0 0.4525 0.1605 0.103 0.085
0 0.627 0.1755 0.1 0.091
0 0.3365 0.2105 0.099 0.117
0 0.768 0.214 0.09 0.104
0 0.173 0.2825 0.108 0.113
0 0.599 0.2995 0.124 0.119
0 0.3675 0.3005 0.101 0.085
0 0.459 0.3195 0.084 0.107
0 0.8795 0.3595 0.093 0.127
0 0.7085 0.3795 0.107 0.099
0 0.269 0.3875 0.132 0.099
0 0.394 0.4325 0.106 0.089
0 0.25 0.4495 0.098 0.091
0 0.5695 0.465 0.129 0.11
0 0.727 0.4735 0.088 0.103
0 0.8225 0.553 0.111 0.13
0 0.6155 0.5595 0.093 0.123
0 0.3715 0.6295 0.137 0.163