4 0.32006 0.3255855855855856 0.08174 0.17471471471471473
4 0.47631999999999997 0.4197297297297298 0.09836 0.2027927927927928
4 0.7050599999999999 0.47936936936936936 0.08116 0.19795795795795795
4 0.8202999999999999 0.5111711711711712 0.08762 0.19753753753753753
4 0.5744600000000001 0.61003003003003 0.10294 0.2048948948948949
4 0.22624 0.6209009009009009 0.08696 0.213003003003003
4 0.92896 0.6223723723723724 0.08446 0.20474474474474477
4 0.53252 0.8027927927927927 0.1201 0.22423423423423425
4 0.41278 0.8560660660660661 0.12588 0.2311711711711712
4 0.28264 0.9003903903903904 0.11098000000000001 0.19918918918918918
4 0.757 0.09687687687687688 0.06866 0.14882882882882884
4 0.2587 0.110990990990991 0.07378 0.16192192192192192
4 0.07792 0.1285885885885886 0.07490000000000001 0.18195195195195196
4 0.34466 0.1463063063063063 0.06954 0.16096096096096096