4 0.8283200000000001 0.45351351351351354 0.18364 0.2663963963963964
4 0.54316 0.47804804804804807 0.12802000000000002 0.1833033033033033
4 0.7086 0.5657957957957958 0.10686 0.16261261261261262
4 0.49972000000000005 0.5970870870870871 0.10248 0.14114114114114115
4 0.11434 0.6734534534534534 0.11774 0.16273273273273273
4 0.26430000000000003 0.6990690690690691 0.11162000000000001 0.16093093093093094
4 0.45130000000000003 0.710960960960961 0.0856 0.1125825825825826
4 0.9355800000000001 0.7206006006006006 0.12884 0.21198198198198198
4 0.51224 0.7499399399399399 0.06356 0.0787987987987988
4 0.79768 0.7612612612612613 0.082 0.10135135135135136
4 0.39977999999999997 0.7778078078078078 0.07196 0.10801801801801801
4 0.14762 0.7996096096096096 0.06998 0.09261261261261261
4 0.62752 0.8083783783783783 0.06938 0.10852852852852853
4 0.5566599999999999 0.8094594594594595 0.06168 0.09738738738738739
4 0.30562 0.9033633633633633 0.08228 0.12501501501501502
4 0.91492 0.16963963963963966 0.17018 0.3392792792792793
4 0.113 0.28096096096096096 0.22504 0.3257057057057057