4 0.9699800000000001 0.5915315315315315 0.029679999999999998 0.04996996996996997
4 0.6992 0.5941441441441442 0.040740000000000005 0.05804804804804804
4 0.8813 0.6008108108108108 0.01672 0.04987987987987988
4 0.63546 0.6020720720720721 0.0375 0.05552552552552552
4 0.6289199999999999 0.6037537537537538 0.03502 0.046216216216216216
4 0.88974 0.603933933933934 0.03452 0.04489489489489489
4 0.75258 0.6322822822822823 0.03098 0.08126126126126126
4 0.27506 0.6403603603603604 0.07822 0.1345045045045045
4 0.82786 0.6451051051051051 0.04598 0.06084084084084085
4 0.02932 0.6772372372372373 0.055020000000000006 0.14129129129129128
4 0.15338 0.6874774774774774 0.10074 0.16261261261261262
4 0.39333999999999997 0.6953153153153153 0.08318 0.10417417417417417
4 0.2886 0.7616816816816816 0.12978 0.12900900900900902
4 0.40776 0.7660360360360361 0.06762 0.10465465465465466
4 0.5130800000000001 0.8551351351351351 0.071 0.11726726726726726
4 0.838 0.8694594594594593 0.045700000000000005 0.07723723723723723
4 0.42419999999999997 0.9159459459459459 0.031420000000000003 0.06615615615615617
4 0.68062 0.933993993993994 0.05074 0.08213213213213214
4 0.81548 0.935975975975976 0.03532 0.05015015015015015
4 0.9274199999999999 0.9418618618618618 0.0512 0.06990990990990992
4 0.5595800000000001 0.9485885885885885 0.0761 0.08108108108108109
4 0.77358 0.9543843843843844 0.052039999999999996 0.08708708708708708