4 0.77218 0.30834666666666666 0.07326 0.10160000000000001
4 0.6227 0.3327466666666667 0.06282 0.08904000000000001
4 0.84762 0.3672266666666667 0.07252 0.10066666666666667
4 0.37560000000000004 0.37576 0.09308 0.10309333333333333
4 0.16036 0.38351999999999997 0.08721999999999999 0.10848
4 0.24258000000000002 0.42658666666666667 0.0756 0.09605333333333334
4 0.51958 0.4732533333333333 0.10264 0.11778666666666666
4 0.66004 0.476 0.07587999999999999 0.11506666666666666
4 0.35748 0.49189333333333335 0.08368 0.06976
4 0.80792 0.5439733333333333 0.09942000000000001 0.13096
4 0.44258 0.5845066666666666 0.0871 0.12474666666666667
4 0.89298 0.5986400000000001 0.08664 0.13141333333333333
4 0.5437799999999999 0.6136533333333334 0.08026000000000001 0.11144
4 0.31866 0.6196 0.07928 0.11917333333333333
4 0.09328 0.6545333333333333 0.10235999999999999 0.12341333333333333
4 0.38089999999999996 0.6750133333333334 0.09912 0.13909333333333332
4 0.7985800000000001 0.6855733333333333 0.09448000000000001 0.12394666666666666
4 0.93504 0.7234666666666667 0.11202 0.14232
4 0.22576 0.72648 0.09434000000000001 0.12173333333333333
4 0.6949 0.7568266666666666 0.10272 0.14234666666666668
4 0.62012 0.8481066666666667 0.12758 0.15357333333333334
4 0.87848 0.8592 0.12812 0.15122666666666668
4 0.36128 0.9369333333333334 0.11326 0.12616
4 0.7379 0.9471733333333333 0.11774 0.10565333333333332
4 0.25698000000000004 0.23845333333333335 0.07590000000000001 0.09946666666666666