2 0.90998 0.5268150684931507 0.043840000000000004 0.10664383561643836
2 0.34198 0.559931506849315 0.02664 0.06020547945205479
2 0.3891 0.5633219178082192 0.026760000000000003 0.08315068493150685
2 0.29666000000000003 0.5678424657534247 0.04202 0.07304794520547944
2 0.036719999999999996 0.5807876712328768 0.05552 0.0888013698630137
2 0.19788 0.5901369863013698 0.04488 0.07852739726027397
2 0.70702 0.6096232876712329 0.037079999999999995 0.12767123287671234
2 0.1186 0.6255136986301371 0.09014 0.133527397260274
2 0.60136 0.6484589041095891 0.06538 0.12849315068493153
2 0.96904 0.6513698630136986 0.06192 0.16657534246575342
2 0.51566 0.6816780821917808 0.04232 0.19479452054794522
2 0.29775999999999997 0.8213013698630137 0.17582 0.3573630136986301
2 0.03882 0.8519178082191781 0.07762000000000001 0.19297945205479453