4 0.19891999999999999 0.3206606606606607 0.047 0.09210210210210211
4 0.85048 0.35921921921921923 0.03866 0.07381381381381381
4 0.04436 0.372972972972973 0.0531 0.09729729729729729
4 0.14034 0.38324324324324327 0.05062 0.0703903903903904
4 0.76238 0.3946546546546546 0.06256 0.08504504504504505
4 0.69716 0.407987987987988 0.02844 0.08189189189189189
4 0.89524 0.4387387387387387 0.040420000000000005 0.11471471471471473
4 0.12373999999999999 0.4677177177177177 0.05584 0.07657657657657657
4 0.04778 0.46837837837837837 0.0466 0.0878978978978979
4 0.56872 0.47651651651651655 0.03514 0.08018018018018018
4 0.75206 0.05321321321321321 0.03872 0.09375375375375375
4 0.02486 0.5382882882882883 0.04972 0.09957957957957957
4 0.42088 0.5954954954954955 0.04672 0.0893093093093093
4 0.12896000000000002 0.061471471471471466 0.046299999999999994 0.08288288288288288
4 0.24326 0.6025525525525526 0.054479999999999994 0.12096096096096097
4 0.68896 0.6215015015015015 0.05258 0.09513513513513513
4 0.55914 0.627987987987988 0.06544 0.12516516516516515
4 0.31012 0.6531231231231232 0.04862 0.08903903903903904
4 0.39572 0.7144144144144144 0.04242 0.09558558558558558
4 0.6645399999999999 0.7880480480480481 0.0635 0.1260960960960961
4 0.16144 0.7981681681681683 0.06324 0.13885885885885887
4 0.92192 0.8353453453453454 0.04822 0.09714714714714714
4 0.045520000000000005 0.8825225225225225 0.05414 0.12525525525525527
4 0.31668 0.9012012012012013 0.05948 0.10252252252252253
4 0.1285 0.9564564564564565 0.07204 0.08708708708708708
4 0.2061 0.09696696696696697 0.03258 0.08186186186186187
4 0.2527 0.9664564564564564 0.0984 0.06705705705705706
4 0.41616000000000003 0.11222222222222221 0.03996 0.08003003003003002
4 0.8242 0.1285885885885886 0.05608 0.0851051051051051
4 0.24946000000000002 0.016006006006006008 0.032979999999999995 0.032012012012012016
4 0.49883999999999995 0.1602102102102102 0.040799999999999996 0.0915915915915916
4 0.27252 0.19234234234234232 0.045399999999999996 0.07639639639639641
4 0.78576 0.19486486486486487 0.04494 0.09894894894894896
4 0.8989400000000001 0.19693693693693692 0.037 0.0875075075075075
4 0.17643999999999999 0.02165165165165165 0.0399 0.04327327327327327
4 0.1633 0.2712912912912913 0.00028000000000000003 0.0020720720720720717
4 0.5910599999999999 0.2799099099099099 0.0453 0.1021921921921922
4 0.33152 0.2845645645645646 0.05156 0.08405405405405406