2 0.6129600000000001 0.4342042042042042 0.02496 0.03558558558558558
2 0.26016 0.44174174174174174 0.02532 0.033483483483483484
2 0.48862 0.44768768768768774 0.03034 0.048498498498498493
2 0.75074 0.45036036036036037 0.03116 0.03984984984984985
2 0.81702 0.45063063063063064 0.01786 0.03633633633633634
2 0.20076 0.45216216216216215 0.03522 0.04744744744744745
2 0.09884 0.46549549549549546 0.02868 0.04207207207207207
2 0.32239999999999996 0.46900900900900905 0.0305 0.04516516516516516
2 0.77706 0.470960960960961 0.0247 0.03438438438438438
2 0.46634 0.4775675675675676 0.03828 0.05714714714714715
2 0.28944 0.4874774774774775 0.031239999999999997 0.03405405405405405
2 0.8471799999999999 0.4891291291291291 0.04004 0.057297297297297295
2 0.41706 0.5102102102102102 0.05714 0.07945945945945947
2 0.64398 0.5127327327327328 0.03632 0.060480480480480485
2 0.01514 0.5238738738738739 0.03028 0.06675675675675675
2 0.81724 0.5335435435435435 0.03616 0.050060060060060065
2 0.04226 0.5873273273273274 0.06754 0.0936036036036036
2 0.14424 0.5900900900900901 0.06573999999999999 0.08711711711711712
2 0.3697 0.6196096096096096 0.05044 0.08207207207207207
2 0.79024 0.6367567567567567 0.08884 0.10432432432432433
2 0.03476 0.662012012012012 0.0695 0.09078078078078078
2 0.34808 0.7653753753753754 0.10318000000000001 0.14936936936936937
2 0.11276 0.8393393393393394 0.22452 0.3213213213213213
2 0.93492 0.8653753753753755 0.13018000000000002 0.2692792792792793