2 0.11878124999999999 0.61981220657277 0.041249999999999995 0.058075117370892014
2 0.66321875 0.6345070422535212 0.04346875 0.05596244131455399
2 0.5629062499999999 0.6411267605633802 0.039218750000000004 0.04971830985915493
2 0.795125 0.6458215962441315 0.03984375 0.06708920187793427
2 0.5114062500000001 0.6626291079812205 0.0465625 0.07028169014084508
2 0.39753125 0.667981220657277 0.054531249999999996 0.06840375586854461
2 0.15475 0.6709389671361502 0.058687500000000004 0.07333333333333333
2 0.0301875 0.6772300469483568 0.05421875 0.09075117370892018
2 0.8610312499999999 0.6780281690140845 0.062281249999999996 0.08061032863849767
2 0.66253125 0.6784976525821597 0.029843750000000002 0.050234741784037557
2 0.7267187500000001 0.6799530516431925 0.048812499999999995 0.06877934272300469
2 0.46615624999999994 0.680281690140845 0.05371875 0.0751643192488263
2 0.20403125000000003 0.6816901408450704 0.04509375 0.07230046948356808
2 0.2840625 0.6848356807511737 0.046375 0.09032863849765257
2 0.97875 0.6859624413145541 0.042499999999999996 0.09652582159624412
2 0.9359375 0.6908920187793427 0.06887499999999999 0.09460093896713614
2 0.33509375 0.6947887323943662 0.0636875 0.0796244131455399
2 0.5958125 0.7138967136150235 0.06303125000000001 0.08976525821596244
2 0.42818750000000005 0.7241784037558685 0.03253125 0.1063849765258216
2 0.5350312500000001 0.76018779342723 0.06934375000000001 0.11727699530516432
2 0.18578125 0.7605164319248827 0.05290625 0.10079812206572769
2 0.8514062499999999 0.7666197183098591 0.07684375 0.09741784037558686
2 0.7083437499999999 0.7702347417840376 0.06803125 0.09985915492957746
2 0.064125 0.7740845070422535 0.03615625 0.1084037558685446
2 0.3874375 0.774413145539906 0.03653125 0.0612206572769953
2 0.617 0.7853051643192489 0.044937500000000005 0.0792018779342723
2 0.4765625 0.7972769953051643 0.0563125 0.09225352112676055
2 0.31803125 0.7983568075117371 0.070875 0.13347417840375586
2 0.0418125 0.8292488262910798 0.0483125 0.0780281690140845