2 0.43944 0.39451957295373663 0.02862 0.04797153024911032
2 0.79922 0.42505338078291816 0.0305 0.07135231316725979
2 0.26556 0.4425978647686833 0.02438 0.06459074733096085
2 0.5681799999999999 0.45583629893238437 0.03506 0.03651245551601424
2 0.6971 0.4756227758007118 0.04746 0.06362989323843415
2 0.33644 0.4828113879003558 0.046119999999999994 0.09896797153024911
2 0.9124800000000001 0.48886120996441285 0.039939999999999996 0.07743772241992883
2 0.6548999999999999 0.4927402135231317 0.030780000000000002 0.08523131672597864
2 0.37494 0.49377224199288255 0.04548 0.0706049822064057
2 0.6259 0.49882562277580067 0.03918 0.08078291814946618
2 0.08940000000000001 0.5013879003558719 0.0603 0.1277580071174377
2 0.16596 0.5203202846975089 0.04244 0.12081850533807831
2 0.8345 0.5309252669039146 0.03284 0.06124555160142349
2 0.9182 0.5561565836298933 0.03084 0.0697864768683274
2 0.05262 0.6093238434163701 0.06437999999999999 0.1593594306049822
2 0.79124 0.6923843416370107 0.02634 0.0993950177935943
2 0.31692000000000004 0.7085053380782919 0.04944 0.1484697508896797
2 0.44483999999999996 0.720711743772242 0.07 0.20629893238434163
2 0.7390399999999999 0.7477224199288257 0.051340000000000004 0.10124555160142348
2 0.97668 0.7660498220640569 0.046619999999999995 0.10437722419928824
2 0.5968 0.8830960854092527 0.08685999999999999 0.23384341637010675
2 0.92118 0.907153024911032 0.11208 0.18569395017793594
2 0.41246 0.9343772241992883 0.07584 0.1312455516014235