2 0.05171875 0.5035416666666667 0.060687500000000005 0.08645833333333333
2 0.43396875 0.5040416666666666 0.053468749999999995 0.06066666666666667
2 0.8671562500000001 0.5059166666666667 0.0679375 0.07229166666666667
2 0.526875 0.5260833333333333 0.0705 0.10379166666666667
2 0.14584375 0.5465833333333333 0.0614375 0.08520833333333333
2 0.40031249999999996 0.5505416666666666 0.04721875 0.07729166666666668
2 0.705875 0.5595833333333334 0.076 0.08241666666666667
2 0.22515625 0.5615833333333333 0.0653125 0.091375
2 0.335 0.5732916666666666 0.07609375 0.07504166666666667
2 0.44165625000000003 0.574125 0.0615 0.07395833333333333
2 0.87728125 0.5834166666666667 0.0838125 0.11125
2 0.6504375 0.5945833333333332 0.07953125 0.08600000000000001
2 0.79603125 0.6141249999999999 0.0641875 0.0735
2 0.7381249999999999 0.6532083333333334 0.05853125 0.092125
2 0.421375 0.6842083333333334 0.09759375 0.11441666666666667
2 0.6628125 0.6861666666666667 0.1013125 0.13816666666666666
2 0.2888125 0.6943333333333332 0.09140625 0.11887500000000001
2 0.14025 0.712 0.08299999999999999 0.13833333333333334
2 0.413375 0.8022083333333333 0.13218749999999999 0.18775
2 0.32946875000000003 0.8037916666666667 0.10721875 0.15916666666666668
2 0.5755312499999999 0.8046666666666666 0.06959375 0.09741666666666667
2 0.08809375 0.8775416666666668 0.12746875 0.16779166666666667