2 0.35578125 0.55555 0.055625 0.0951
2 0.31453125000000004 0.5819 0.0556875 0.10775
2 0.023625 0.58465 0.04725 0.08525
2 0.27234375 0.59765 0.05878124999999999 0.12335000000000002
2 0.18871875 0.6384000000000001 0.0615 0.08474999999999999
2 0.55703125 0.6406499999999999 0.0375 0.06845
2 0.38153125 0.6581 0.04984375 0.07325
2 0.49334375 0.6606000000000001 0.05078125 0.07719999999999999
2 0.66603125 0.66345 0.056125 0.08289999999999999
2 0.02178125 0.6726000000000001 0.04359375 0.08525
2 0.7478125 0.6865000000000001 0.04459375 0.061
2 0.92275 0.7031000000000001 0.08209375 0.09425
2 0.5865 0.7601 0.08459375 0.16415
2 0.12462500000000001 0.7663500000000001 0.13834375000000002 0.2127
2 0.38428125 0.8376 0.155125 0.2552
2 0.9077187500000001 0.8440000000000001 0.18453124999999998 0.312