2 0.22340624999999997 0.477122641509434 0.029187499999999998 0.034481132075471696
2 0.162625 0.47792452830188675 0.03340625 0.05957547169811321
2 0.05834375000000001 0.4965566037735849 0.027187499999999996 0.05363207547169811
2 0.08521875 0.5268867924528302 0.027000000000000003 0.05533018867924529
2 0.304125 0.531367924528302 0.029187499999999998 0.03679245283018868
2 0.5091875 0.5492924528301887 0.02784375 0.04117924528301887
2 0.6881875 0.5568867924528302 0.028625 0.029811320754716982
2 0.42365624999999996 0.5589150943396226 0.0313125 0.0505188679245283
2 0.76315625 0.5604716981132075 0.03375 0.04726415094339623
2 0.45515625000000004 0.5644339622641509 0.03175 0.04787735849056604
2 0.60203125 0.5674528301886792 0.03375 0.04561320754716981
2 0.315125 0.5754716981132075 0.032968750000000005 0.04641509433962264
2 0.28421875 0.5835377358490565 0.0258125 0.04283018867924528
2 0.24987499999999999 0.594811320754717 0.03528125 0.05754716981132075
2 0.05275 0.6002358490566038 0.03153125 0.05363207547169811
2 0.5114062500000001 0.6102830188679245 0.03746875 0.049150943396226415
2 0.7580312499999999 0.6112264150943397 0.02475 0.04108490566037736
2 0.3585625 0.615188679245283 0.0365 0.04716981132075472
2 0.11771875000000001 0.615754716981132 0.031375 0.05617924528301887
2 0.7619374999999999 0.6605188679245283 0.03596875 0.04745283018867925
2 0.713375 0.6655188679245283 0.03775 0.0535377358490566
2 0.5980000000000001 0.6863207547169812 0.031 0.04797169811320755
2 0.09181249999999999 0.6958490566037736 0.04903125 0.06382075471698113
2 0.1145 0.7241037735849056 0.0405 0.0684433962264151
2 0.460125 0.8239150943396226 0.0390625 0.0715566037735849
2 0.06565625 0.927688679245283 0.031406250000000004 0.03938679245283019
2 0.38287499999999997 0.9491037735849057 0.06949999999999999 0.10179245283018867
2 0.0408125 0.4156132075471698 0.020749999999999998 0.029386792452830192
2 0.708375 0.42202830188679247 0.02815625 0.03518867924528302
2 0.9715624999999999 0.4260849056603774 0.02809375 0.03844339622641509
2 0.01109375 0.45716981132075474 0.021249999999999998 0.029858490566037735
2 0.39540625 0.4608962264150943 0.0294375 0.04518867924528302
2 0.49559375 0.4644339622641509 0.029281249999999998 0.03264150943396226