4 0.65109375 0.4215 0.09962499999999999 0.14033333333333334
4 0.52859375 0.4397083333333333 0.12503124999999998 0.14275
4 0.068625 0.528625 0.06709375 0.16608333333333333
4 0.67125 0.5455833333333333 0.11387499999999999 0.195875
4 0.47834374999999996 0.5629166666666666 0.11853125 0.21075
4 0.21453125 0.5657916666666666 0.0960625 0.20075
4 0.9093125000000001 0.5832916666666667 0.11975 0.22583333333333336
4 0.79203125 0.646125 0.123 0.197
4 0.31734375 0.6966666666666667 0.1281875 0.20575000000000002
4 0.62784375 0.78125 0.11674999999999999 0.21391666666666667
4 0.39871875 0.8578749999999999 0.148625 0.266875
4 0.40599999999999997 0.35712499999999997 0.10118750000000001 0.16808333333333333
4 0.10978125000000001 0.38237499999999996 0.0755625 0.16175