2 0.7631249999999999 0.4561160714285714 0.2725 0.3803571428571429
2 0.08815625 0.5897321428571428 0.1763125 0.2671875
2 0.48328125 0.6292857142857143 0.2046875 0.32303571428571426
2 0.284875 0.7423660714285714 0.21006249999999999 0.4055357142857143
2 0.1389375 0.8299553571428572 0.2741875 0.34004464285714286
2 0.9214375 0.8377232142857143 0.15712500000000001 0.32455357142857144
2 0.65903125 0.8600446428571429 0.3035 0.2799107142857143
2 0.3465625 0.18450892857142856 0.25193750000000004 0.3690178571428571
2 0.17365625 0.19160714285714286 0.25953125 0.38325892857142857
2 0.87525 0.20227678571428573 0.2495 0.38125000000000003
2 0.11003125 0.2871428571428571 0.22009375000000003 0.4003125