4 0.43353125 0.525 0.24025 0.31970833333333337
4 0.68453125 0.5902499999999999 0.2936875 0.2643333333333333
4 0.2339375 0.634625 0.28518750000000004 0.34725
4 0.78778125 0.765875 0.2698125 0.34570833333333334
4 0.9534062499999999 0.7745416666666666 0.09321874999999999 0.3686666666666667
4 0.09759375 0.8019166666666667 0.162 0.34029166666666666
4 0.37078125 0.8297916666666667 0.2659375 0.27566666666666667
4 0.520375 0.9257500000000001 0.13196875 0.1485
4 0.5880625 0.222 0.14121875 0.308625
4 0.8515312500000001 0.3202083333333333 0.23009374999999999 0.285375
4 0.35375 0.3848333333333333 0.1290625 0.1665