4 0.69625 0.42533333333333334 0.067 0.12445833333333334
4 0.05165625 0.43195833333333333 0.10328124999999999 0.10600000000000001
4 0.41509375000000004 0.45895833333333336 0.061250000000000006 0.11637499999999999
4 0.37771875 0.46770833333333334 0.060906249999999995 0.15370833333333334
4 0.48990625000000004 0.4713333333333333 0.07034375000000001 0.13533333333333333
4 0.085375 0.5047083333333333 0.06659375 0.14483333333333331
4 0.59703125 0.5284166666666666 0.07659375 0.14775
4 0.46243749999999995 0.5695416666666666 0.0675625 0.12820833333333334
4 0.799125 0.5803333333333334 0.061343749999999996 0.12875
4 0.9191874999999999 0.587875 0.05159375000000001 0.14800000000000002
4 0.37259375 0.592625 0.11909375 0.13070833333333334
4 0.174625 0.5976250000000001 0.14596875 0.17350000000000002
4 0.7275625 0.610125 0.0581875 0.12104166666666667
4 0.861 0.6324166666666666 0.07215625 0.12195833333333334
4 0.58059375 0.6365416666666667 0.07978125 0.13820833333333335
4 0.6710625 0.6637916666666667 0.0556875 0.13733333333333334
4 0.42415624999999996 0.6894583333333333 0.20274999999999999 0.24320833333333333
4 0.83675 0.7624583333333333 0.07821875 0.16966666666666666
4 0.08471875 0.7674166666666667 0.14750000000000002 0.14591666666666667
4 0.9120312500000001 0.7694166666666666 0.06909375 0.16304166666666667
4 0.71540625 0.7725416666666667 0.06334375 0.13925
4 0.27137500000000003 0.7797499999999999 0.1595625 0.17391666666666666
4 0.5749375 0.7921666666666667 0.13174999999999998 0.16520833333333332
4 0.9645625000000001 0.8346666666666667 0.07090625 0.14550000000000002
4 0.20521875 0.8739583333333333 0.14446874999999998 0.14479166666666668
4 0.6484375 0.9271666666666667 0.1730625 0.14566666666666667
4 0.08140625 0.9295833333333333 0.1628125 0.140875
4 0.48490625 0.9325416666666667 0.11756249999999999 0.13491666666666668
4 0.35225 0.9345416666666666 0.14246875 0.13095833333333334
4 0.8688437499999999 0.9375 0.13840625 0.125
4 0.0350625 0.13245833333333332 0.06015625 0.11812500000000001
4 0.09178125000000001 0.18150000000000002 0.053093749999999995 0.12545833333333334
4 0.46484375 0.23979166666666665 0.04765625 0.098625
4 0.03975 0.26491666666666663 0.055843750000000004 0.11229166666666666
4 0.16153125 0.3313333333333333 0.0655625 0.122875
4 0.3235 0.33675 0.0663125 0.10779166666666667
4 0.21025 0.361375 0.06443750000000001 0.110625
4 0.09275 0.37845833333333334 0.06540625 0.10616666666666667
4 0.2613125 0.381375 0.0614375 0.111
4 0.61234375 0.38966666666666666 0.051625 0.12129166666666666