4 0.29216000000000003 0.3298798798798799 0.07668000000000001 0.09918918918918919
4 0.50088 0.3440840840840841 0.06032 0.09954954954954955
4 0.9238 0.3588288288288288 0.08268 0.13498498498498498
4 0.62398 0.37858858858858857 0.06012 0.09075075075075074
4 0.6918 0.3876576576576577 0.07864 0.09864864864864865
4 0.81164 0.44888888888888884 0.10026 0.1704204204204204
4 0.29098 0.45756756756756756 0.07508 0.13537537537537536
4 0.037399999999999996 0.49168168168168164 0.07479999999999999 0.14759759759759758
4 0.19640000000000002 0.4926426426426427 0.05584 0.11639639639639639
4 0.593 0.5009309309309309 0.11016 0.10954954954954954
4 0.13486 0.501981981981982 0.0752 0.13642642642642644
4 0.42792 0.5112312312312313 0.11087999999999999 0.1536036036036036
4 0.72868 0.5295795795795796 0.11898 0.17372372372372372
4 0.93876 0.5837537537537537 0.12248 0.29864864864864865
4 0.58702 0.617927927927928 0.14856 0.1566066066066066
4 0.1405 0.621981981981982 0.09078 0.16936936936936936
4 0.24342 0.6415615615615615 0.13508 0.20303303303303302
4 0.7337 0.6815915915915916 0.18330000000000002 0.2448048048048048
4 0.05522 0.7042342342342343 0.11044 0.2833333333333333
4 0.46464 0.7203603603603603 0.17534 0.2912012012012012
4 0.17966 0.8813813813813813 0.16902 0.23723723723723725
4 0.90228 0.9087987987987988 0.19544 0.18243243243243243
4 0.4219 0.27402402402402404 0.07551999999999999 0.09807807807807807
4 0.96424 0.28075075075075073 0.07152 0.10504504504504504
4 0.63444 0.2863363363363363 0.07786 0.10357357357357358