4 0.4682 0.3612874251497006 0.047380000000000005 0.1468263473053892
4 0.6513 0.3972754491017964 0.05188 0.13356287425149702
4 0.33438 0.42997005988023956 0.0438 0.12137724550898203
4 0.97624 0.4490119760479042 0.04752 0.11218562874251496
4 0.5077200000000001 0.4508682634730539 0.0598 0.14721556886227546
4 0.85424 0.46541916167664665 0.0381 0.08437125748502994
4 0.05048 0.48068862275449104 0.04932 0.11505988023952096
4 0.2471 0.509431137724551 0.04256 0.10470059880239521
4 0.16736 0.5597005988023952 0.04578 0.101437125748503
4 0.6871799999999999 0.5661377245508982 0.05404 0.12215568862275449
4 0.79496 0.5965568862275449 0.03058 0.10158682634730538
4 0.5078 0.6026646706586826 0.047560000000000005 0.1567065868263473
4 0.87874 0.6042215568862276 0.0364 0.15266467065868264
4 0.10004 0.6048203592814371 0.061340000000000006 0.11667664670658683
4 0.7439600000000001 0.6384431137724551 0.027120000000000002 0.06529940119760479
4 0.63416 0.6396407185628742 0.05138 0.18146706586826347
4 0.8939 0.6646107784431138 0.0446 0.18467065868263474
4 0.33108 0.6677844311377246 0.04786 0.13
4 0.7208600000000001 0.7150898203592815 0.046060000000000004 0.11068862275449101
4 0.6485 0.7934730538922156 0.08181999999999999 0.23194610778443114
4 0.26494 0.7987125748502993 0.05692 0.14835329341317363
4 0.91512 0.8299101796407186 0.09308 0.2265568862275449
4 0.52554 0.8892215568862275 0.05278 0.2215568862275449
4 0.05718 0.9115868263473055 0.04836 0.1768562874251497
4 0.21116 0.9136227544910179 0.05662 0.1537125748502994
4 0.72456 0.9271556886227545 0.07234 0.1457185628742515