4 0.51128 0.2902133333333333 0.03682 0.06762666666666667
4 0.87858 0.30472 0.055799999999999995 0.10693333333333334
4 0.32230000000000003 0.32504 0.04668 0.09613333333333332
4 0.7400599999999999 0.3388 0.048240000000000005 0.09093333333333334
4 0.98258 0.3412266666666666 0.03484 0.08346666666666668
4 0.6737799999999999 0.3658666666666666 0.05724 0.09586666666666667
4 0.61748 0.36824 0.04616 0.08418666666666667
4 0.74776 0.47397333333333336 0.05706 0.1004
4 0.6223200000000001 0.48192 0.062020000000000006 0.07768
4 0.93312 0.5953066666666667 0.0682 0.13626666666666667
4 0.60412 0.1896 0.044039999999999996 0.08490666666666667