4 0.74414 0.31234666666666666 0.13612 0.15565333333333334
4 0.31933999999999996 0.36224 0.09768 0.12181333333333333
4 0.49163999999999997 0.3809333333333333 0.12014 0.14898666666666666
4 0.95336 0.4011733333333333 0.0933 0.15416000000000002
4 0.65932 0.44151999999999997 0.1499 0.18026666666666666
4 0.23722 0.45048 0.054880000000000005 0.07224
4 0.8715599999999999 0.49248000000000003 0.14934 0.19024000000000002
4 0.4007 0.5544266666666666 0.09340000000000001 0.12682666666666667
4 0.58174 0.6127733333333333 0.12546 0.17117333333333332
4 0.7005800000000001 0.6346666666666667 0.12608 0.16165333333333332
4 0.4195 0.7045066666666666 0.09328 0.14952000000000001
4 0.90412 0.7253066666666667 0.19175999999999999 0.24034666666666665
4 0.505 0.7559733333333334 0.0804 0.12106666666666667
4 0.35760000000000003 0.79032 0.08862 0.13229333333333332
4 0.6644800000000001 0.8034133333333333 0.13063999999999998 0.1896
4 0.32930000000000004 0.09141333333333333 0.08142 0.11042666666666666
4 0.47566 0.9298666666666666 0.09176000000000001 0.12021333333333332
4 0.718 0.09365333333333332 0.0995 0.10933333333333334
4 0.42874 0.11983999999999999 0.10479999999999999 0.13410666666666665
4 0.6635599999999999 0.19133333333333333 0.09076000000000001 0.14685333333333334
4 0.25604000000000005 0.19959999999999997 0.08395999999999999 0.11824000000000001
4 0.57016 0.21581333333333336 0.09614 0.13624
4 0.46172 0.24013333333333334 0.09294 0.12066666666666667