4 0.94156 0.33605421686746983 0.04498 0.10337349397590362
4 0.88836 0.36234939759036144 0.06062 0.13343373493975902
4 0.70338 0.41325301204819276 0.14092 0.2983734939759036
4 0.9395399999999999 0.5104518072289157 0.09678 0.1574698795180723
4 0.5900599999999999 0.5595481927710844 0.06544 0.1344277108433735
4 0.66262 0.5717168674698795 0.04494 0.09427710843373494
4 0.0517 0.6396084337349397 0.06595999999999999 0.12852409638554219
4 0.8377 0.7478915662650603 0.076 0.1292168674698795
4 0.50828 0.7498493975903614 0.07218000000000001 0.10737951807228915
4 0.67788 0.7638253012048193 0.07456 0.10292168674698796
4 0.96848 0.8773493975903613 0.06304 0.2213855421686747
4 0.65018 0.9506626506024096 0.040979999999999996 0.07584337349397591