2 0.63609375 0.45345833333333335 0.13634375 0.09933333333333333
2 0.428875 0.49795833333333334 0.17490624999999999 0.13308333333333333
2 0.9266249999999999 0.5144583333333334 0.14678125 0.13604166666666667
2 0.23762500000000003 0.5154583333333334 0.1586875 0.15787500000000002
2 0.94025 0.062000000000000006 0.11946874999999998 0.12400000000000001
2 0.1066875 0.6345 0.12 0.12216666666666667
2 0.87128125 0.6586666666666667 0.1640625 0.12291666666666666
2 0.32871875 0.682125 0.1444375 0.10229166666666667
2 0.5281875 0.7575416666666667 0.18625 0.11829166666666667
2 0.58090625 0.816625 0.13921875 0.12329166666666666
2 0.26784375 0.892 0.1275 0.13220833333333334
2 0.12546875 0.9543750000000001 0.1456875 0.09125
2 0.8486874999999999 0.9583333333333334 0.1486875 0.08333333333333333
2 0.56240625 0.16075 0.12415625 0.10916666666666666
2 0.5313125000000001 0.2907083333333333 0.11746875000000001 0.11054166666666668
2 0.6445000000000001 0.34620833333333334 0.12121875 0.136875
2 0.41234374999999995 0.35912499999999997 0.097375 0.09920833333333333
2 0.2975625 0.3937916666666667 0.1409375 0.08204166666666667
2 0.50328125 0.3995416666666667 0.146875 0.11395833333333334