2 0.128625 0.4593333333333333 0.25721875 0.24116666666666667
2 0.76075 0.546625 0.21046874999999998 0.228
2 0.22821875 0.69 0.3486875 0.30854166666666666
2 0.5555 0.70125 0.35153124999999996 0.336875
2 0.8945624999999999 0.7305833333333334 0.210625 0.25745833333333334
2 0.602 0.9117083333333333 0.26840625 0.17658333333333334
2 0.923625 0.09683333333333333 0.15271875 0.1579583333333333
2 0.69996875 0.13825 0.175625 0.12566666666666668
2 0.46878125 0.14304166666666665 0.24603125 0.14320833333333333
2 0.11809375 0.31520833333333337 0.18584375 0.09579166666666666
2 0.89609375 0.3482083333333333 0.20778124999999997 0.22816666666666666
2 0.25568749999999996 0.3924583333333333 0.18290625 0.19366666666666665
2 0.5207499999999999 0.40829166666666666 0.24046875 0.24275