4 0.6156406249999999 0.44864406779661015 0.021796875 0.09012711864406779
4 0.364046875 0.4753389830508475 0.03940625 0.10800847457627118
4 0.5173593750000001 0.4797033898305085 0.029046875 0.09889830508474576
4 0.594953125 0.4890254237288135 0.02559375 0.10995762711864407
4 0.29953124999999997 0.4927542372881356 0.022671875 0.12521186440677967
4 0.65184375 0.4983898305084746 0.0365 0.12610169491525425
4 0.16304687499999998 0.5023728813559322 0.031953125 0.12470338983050848
4 0.746234375 0.5049152542372881 0.038593749999999996 0.10444915254237287
4 0.257578125 0.5134745762711864 0.02784375 0.09457627118644069
4 0.70065625 0.5163983050847458 0.030265625 0.09411016949152542
4 0.13171875 0.5273728813559322 0.03421875 0.12254237288135594
4 0.5563125 0.5293220338983051 0.032718750000000005 0.14809322033898306
4 0.10118750000000001 0.5420762711864408 0.028437499999999998 0.11283898305084746
4 0.9292187500000001 0.5471610169491525 0.028218749999999997 0.10885593220338984
4 0.21990625000000003 0.5498728813559323 0.0326875 0.11538135593220339
4 0.436125 0.5605508474576271 0.03415625 0.135
4 0.507609375 0.5619491525423729 0.026375 0.11347457627118644
4 0.36315624999999996 0.5663559322033899 0.026968750000000003 0.11889830508474576
4 0.05840625000000001 0.5664830508474576 0.036625000000000005 0.08347457627118644
4 0.854296875 0.5765254237288135 0.029843750000000002 0.1165677966101695
4 0.27459375 0.5796610169491526 0.031 0.10567796610169491
4 0.608359375 0.5879237288135594 0.029734375 0.11864406779661017
4 0.6753125 0.5967796610169491 0.032453125 0.12440677966101694
4 0.95075 0.6241101694915254 0.034515625 0.11169491525423729
4 0.8103125 0.6369915254237288 0.031671875 0.12351694915254237
4 0.54090625 0.6511016949152543 0.038734375 0.10944915254237288
4 0.8997187500000001 0.6538559322033899 0.030046875 0.0934322033898305
4 0.74334375 0.1659322033898305 0.039953125 0.09792372881355932
4 0.799671875 0.17610169491525424 0.037265625000000004 0.0911864406779661
4 0.037921875 0.17864406779661016 0.038921875 0.09652542372881356
4 0.5666249999999999 0.18072033898305084 0.045859375 0.06813559322033898
4 0.207484375 0.1947033898305085 0.0366875 0.09605932203389832
4 0.877203125 0.1978813559322034 0.02484375 0.11042372881355932
4 0.158203125 0.2080084745762712 0.037828125000000004 0.10135593220338984
4 0.85215625 0.21237288135593219 0.027937499999999997 0.09525423728813559
4 0.37034375 0.2168220338983051 0.036421875 0.13059322033898305
4 0.48459375 0.22148305084745765 0.031203124999999998 0.1281779661016949
4 0.450765625 0.2269915254237288 0.03721875 0.10216101694915254
4 0.23221875 0.22749999999999998 0.023671875000000002 0.07686440677966101
4 0.24996875 0.22754237288135595 0.02790625 0.10961864406779662
4 0.8971875 0.2310593220338983 0.025750000000000002 0.0986864406779661
4 0.666921875 0.2336864406779661 0.031703125 0.11690677966101695
4 0.639125 0.23415254237288136 0.02740625 0.10322033898305084
4 0.931390625 0.23677966101694917 0.0301875 0.09546610169491526
4 0.57278125 0.2390677966101695 0.034437499999999996 0.06809322033898305
4 0.015171875000000001 0.24199152542372881 0.030328125 0.09932203389830509
4 0.311625 0.24728813559322033 0.031890625 0.10050847457627118
4 0.33890625 0.2477966101694915 0.033218750000000005 0.09961864406779662
4 0.412796875 0.24983050847457627 0.0345625 0.0875
4 0.9554218750000001 0.2500847457627119 0.0224375 0.07686440677966101
4 0.526046875 0.25148305084745765 0.03071875 0.09347457627118644
4 0.275828125 0.2548305084745763 0.031578125 0.10550847457627117
4 0.8319531250000001 0.26 0.027765625 0.09203389830508474
4 0.10200000000000001 0.2610593220338983 0.032453125 0.09838983050847457
4 0.063765625 0.26360169491525426 0.032937499999999995 0.0773728813559322
4 0.618421875 0.2861016949152542 0.034046875 0.08330508474576272
4 0.7204375 0.3976694915254237 0.036984375 0.10423728813559323
4 0.218109375 0.4036440677966102 0.026703125 0.09669491525423729
4 0.44693750000000004 0.414364406779661 0.031765625 0.1260593220338983