2 0.5115 0.3031325301204819 0.047979999999999995 0.11876506024096385
2 0.9159400000000001 0.3099096385542169 0.054920000000000004 0.11379518072289158
2 0.81396 0.32090361445783133 0.0696 0.10367469879518072
2 0.21556 0.3391867469879518 0.062240000000000004 0.07894578313253012
2 0.04922 0.3527409638554217 0.05686 0.07289156626506024
2 0.30395999999999995 0.35406626506024097 0.0736 0.06557228915662651
2 0.96758 0.3744277108433735 0.06484000000000001 0.11433734939759037
2 0.42844 0.3866867469879518 0.07456 0.11475903614457832
2 0.6467 0.3883734939759036 0.04932 0.07819277108433735
2 0.44958 0.4194578313253012 0.0555 0.0838855421686747
2 0.04234 0.42096385542168674 0.06966 0.08301204819277108
2 0.11544 0.4378313253012049 0.07522 0.16081325301204819
2 0.2552 0.4453012048192771 0.08544 0.13560240963855422
2 0.53204 0.458855421686747 0.10844 0.19481927710843375
2 0.96824 0.5396084337349398 0.06352000000000001 0.21978915662650603
2 0.80956 0.5918072289156626 0.26082 0.46475903614457836
2 0.21562 0.6032831325301204 0.12092 0.19852409638554216
2 0.3522 0.6256927710843373 0.21008000000000002 0.3839156626506024
2 0.58268 0.2856325301204819 0.04182 0.07343373493975903