2 0.30046 0.30719879518072285 0.1146 0.2529819277108434
2 0.061759999999999995 0.33921686746987956 0.10272 0.2406024096385542
2 0.6685800000000001 0.3492168674698795 0.061520000000000005 0.1441867469879518
2 0.8105800000000001 0.35593373493975905 0.18819999999999998 0.3785240963855422
2 0.57236 0.7319277108433735 0.36707999999999996 0.536144578313253
2 0.11992 0.8303313253012049 0.15353999999999998 0.3393674698795181
2 0.73978 0.1517168674698795 0.07056 0.09457831325301204
2 0.04144 0.1739156626506024 0.08286 0.09271084337349397
2 0.48668 0.2155421686746988 0.07906 0.14996987951807228
2 0.19796 0.22174698795180725 0.061619999999999994 0.1222289156626506
2 0.65146 0.2544879518072289 0.10726000000000001 0.11138554216867469