2 0.10553125000000001 0.46141666666666664 0.09834375 0.09370833333333332
2 0.65009375 0.4814166666666667 0.0699375 0.09379166666666668
2 0.13221875 0.593625 0.11746875000000001 0.11979166666666667
2 0.9348124999999999 0.6239583333333333 0.09171875 0.12491666666666666
2 0.5833437499999999 0.7410416666666666 0.11440625 0.09495833333333333
2 0.7229062500000001 0.18150000000000002 0.05184375 0.05345833333333334
2 0.696875 0.215625 0.05337499999999999 0.05825
2 0.1720625 0.23179166666666667 0.05221875 0.05470833333333334
2 0.80765625 0.2527083333333333 0.04546875 0.060250000000000005
2 0.95859375 0.28950000000000004 0.08278125 0.08291666666666667
2 0.30540625 0.2915 0.08903124999999999 0.08870833333333333
2 0.90078125 0.2924166666666667 0.05046874999999999 0.065
2 0.39209375 0.3172083333333333 0.07015625 0.09354166666666666
2 0.10240625 0.3346666666666666 0.06168749999999999 0.07904166666666666