1 0.4577125 0.353125 0.0863875 0.0462375
1 0.376125 0.288775 0.05955 0.0625625
1 0.4525375 0.159825 0.076725 0.0596375
1 0.5401874999999999 0.232675 0.10141249999999999 0.0353375
1 0.7770625 0.2689125 0.08766249999999999 0.0478125
1 0.6273125 0.2683 0.072175 0.0466
1 0.33423749999999997 0.2521 0.0783125 0.0741875
1 0.3072875 0.35905000000000004 0.10721249999999999 0.0581
1 0.2701125 0.4183 0.0465625 0.0816
1 0.2054375 0.420675 0.0709375 0.11635
1 0.4683625 0.3752875 0.1150625 0.1305625
1 0.630075 0.33537500000000003 0.0816375 0.0557625
1 0.6999 0.4181 0.187 0.0712125
1 0.7352124999999999 0.37682499999999997 0.076375 0.05865
1 0.7643000000000001 0.5363125 0.0332 0.057612500000000004
1 0.7125625 0.5057875 0.0916625 0.061575
1 0.6224125 0.4463625 0.076975 0.092725
1 0.5111875 0.427825 0.07443749999999999 0.04565
1 0.534275 0.4859125 0.1082375 0.066825
1 0.578975 0.54715 0.09885 0.0643
1 0.5329 0.6102375 0.076 0.075475
1 0.549625 0.6749375000000001 0.07255 0.0548875
1 0.4265 0.5757375 0.0538 0.0914625
1 0.3295375 0.6478125 0.067725 0.11561249999999999
1 0.197425 0.6256 0.0519375 0.0662125
1 0.48912500000000003 0.720375 0.058550000000000005 0.05575
1 0.509725 0.794875 0.09234999999999999 0.08975
1 0.5488624999999999 0.9260124999999999 0.1140875 0.087025
1 0.4245875 0.835625 0.042625 0.0612625