4 0.5118437499999999 0.5796713615023474 0.0748125 0.1264319248826291
4 0.15578125 0.6858215962441315 0.136125 0.2331924882629108
4 0.580875 0.6962910798122066 0.11656249999999999 0.22671361502347417
4 0.7103125 0.7388732394366196 0.1530625 0.30028169014084505
4 0.501375 0.8000469483568075 0.06165625 0.10948356807511737
4 0.36803125 0.8107981220657277 0.05078125 0.05849765258215963
4 0.21790625000000002 0.8984976525821596 0.08853124999999999 0.12253521126760564
4 0.64775 0.11431924882629109 0.040781250000000005 0.08384976525821596
4 0.105625 0.12225352112676056 0.03725 0.07643192488262911
4 0.43396875 0.15070422535211267 0.072875 0.1092488262910798
4 0.14321875 0.1838967136150235 0.04328125 0.06258215962441314
4 0.5716875 0.21 0.05384375 0.07572769953051643
4 0.63034375 0.2423943661971831 0.050812500000000003 0.09253521126760564
4 0.3523125 0.25333333333333335 0.05525 0.09197183098591549
4 0.82478125 0.2814084507042253 0.086125 0.1364788732394366
4 0.14615625000000002 0.2988262910798122 0.0648125 0.11248826291079812
4 0.0813125 0.3335211267605634 0.06271875 0.1036150234741784
4 0.686375 0.37910798122065725 0.080375 0.10497652582159624
4 0.91928125 0.4112206572769953 0.11103125 0.19643192488262912
4 0.28159375 0.41145539906103284 0.0960625 0.17342723004694835
4 0.52296875 0.4116431924882629 0.06584375 0.10732394366197183
4 0.45109374999999996 0.4212206572769953 0.06265625 0.09915492957746479
4 0.8154375 0.4633333333333333 0.08562499999999999 0.11685446009389672