2 0.12617647058823528 0.5020833333333333 0.09905882352941177 0.11133333333333333
2 0.5 0.5784166666666667 0.17441176470588235 0.17275000000000001
2 0.7918235294117648 0.6489166666666667 0.15864705882352942 0.12720833333333334
2 0.3461764705882353 0.7350833333333333 0.13694117647058823 0.08454166666666667
2 0.14741176470588235 0.8459583333333334 0.16394117647058823 0.136375
2 0.685235294117647 0.9275833333333333 0.20311764705882354 0.14483333333333331
2 0.6994117647058824 0.14916666666666664 0.15305882352941177 0.16958333333333334
2 0.42011764705882354 0.14966666666666667 0.27799999999999997 0.18825
2 0.3149411764705882 0.23625000000000002 0.24129411764705885 0.170875
2 0.6547647058823529 0.340875 0.21505882352941177 0.16983333333333334
2 0.22035294117647058 0.36762500000000004 0.14147058823529413 0.10116666666666667