4 0.35234 0.3242042042042042 0.06964000000000001 0.12696696696696697
4 0.06922 0.37543543543543545 0.08943999999999999 0.11024024024024025
4 0.5096 0.3918318318318318 0.08488 0.17504504504504503
4 0.91424 0.46438438438438434 0.17152 0.14981981981981982
4 0.1584 0.4803003003003003 0.07264 0.14012012012012012
4 0.08314 0.4923723723723724 0.0853 0.15192192192192194
4 0.6904199999999999 0.622942942942943 0.20388 0.2889189189189189
4 0.13152 0.6367867867867868 0.11806 0.1805105105105105
4 0.49016000000000004 0.6713213213213214 0.15856 0.1683183183183183
4 0.6488200000000001 0.9264264264264265 0.158 0.14714714714714713
4 0.47412 0.9274174174174173 0.17658000000000001 0.14513513513513512
4 0.7544 0.09429429429429428 0.07848000000000001 0.09246246246246247
4 0.39722 0.16426426426426427 0.07878 0.12036036036036035
4 0.2857 0.17258258258258258 0.07973999999999999 0.08087087087087087
4 0.54306 0.21363363363363364 0.12778 0.166996996996997
4 0.44174 0.2430930930930931 0.10386 0.11198198198198198
4 0.06468 0.2507807807807808 0.06494 0.1197897897897898
4 0.25926 0.26384384384384385 0.05686 0.11036036036036036