2 0.63775 0.41783333333333333 0.06521875 0.07908333333333334
2 0.37215625 0.4802916666666667 0.350375 0.484375
2 0.829875 0.6780833333333334 0.34021875 0.5545833333333333
2 0.364875 0.9444583333333333 0.13640625 0.111125
2 0.96528125 0.27825 0.0375625 0.05554166666666667
2 0.8859999999999999 0.2788333333333333 0.0476875 0.065625
2 0.687125 0.3143333333333333 0.039218750000000004 0.05316666666666667
2 0.54121875 0.3204166666666667 0.14384375 0.204375
2 0.98734375 0.35633333333333334 0.025343749999999998 0.08895833333333333
2 0.1815 0.388125 0.36303125 0.7762083333333333
2 0.69865625 0.40658333333333335 0.06 0.098625