2 0.17166 0.31275449101796404 0.28634 0.4179041916167665
2 0.96058 0.3488323353293413 0.045520000000000005 0.05892215568862275
2 0.34592 0.3783832335329341 0.06422 0.09407185628742515
2 0.63354 0.41410179640718564 0.14078 0.2932634730538922
2 0.8254 0.425 0.06314 0.09553892215568863
2 0.38662 0.44955089820359284 0.05886 0.08293413173652694
2 0.9723999999999999 0.5033832335329341 0.05518 0.18904191616766466
2 0.2975 0.5091317365269461 0.0847 0.1479940119760479
2 0.50216 0.520688622754491 0.06468 0.11523952095808383
2 0.44702 0.6488323353293414 0.11172 0.15194610778443113
2 0.16566 0.6587125748502993 0.09526000000000001 0.10188622754491018