2 0.5634375 0.43405857740585774 0.06715625 0.0696234309623431
2 0.8127812499999999 0.5306276150627615 0.061843749999999996 0.0702510460251046
2 0.36025 0.5367782426778243 0.057437499999999996 0.08585774058577406
2 0.97153125 0.5451046025104602 0.05696875 0.08598326359832636
2 0.58871875 0.6151464435146444 0.06684375000000001 0.08117154811715481
2 0.96659375 0.6225104602510461 0.06684375000000001 0.09351464435146443
2 0.50878125 0.6261506276150628 0.059343749999999994 0.07891213389121339
2 0.33253125 0.6647698744769874 0.05771875 0.09857740585774058
2 0.60684375 0.6777824267782427 0.072625 0.08514644351464436
2 0.8435937499999999 0.678744769874477 0.0675625 0.0802510460251046
2 0.25284375 0.6865271966527197 0.07028124999999999 0.1002092050209205
2 0.56309375 0.7334309623430962 0.0674375 0.10364016736401674
2 0.45128124999999997 0.7398326359832635 0.07896875 0.09230125523012551
2 0.93465625 0.7400418410041841 0.05890625000000001 0.07066945606694561
2 0.23115625 0.7755648535564854 0.07340624999999999 0.08418410041841004
2 0.6645625 0.7931799163179916 0.06478125 0.08443514644351464
2 0.5535 0.852928870292887 0.07781249999999999 0.1005857740585774
2 0.61746875 0.8704602510460251 0.06271875 0.06723849372384938
2 0.9639374999999999 0.8769037656903766 0.072125 0.09443514644351464
2 0.24865624999999997 0.893765690376569 0.0750625 0.09192468619246862
2 0.489375 0.9547280334728033 0.06634375 0.0905020920502092
2 0.16053125 0.955857740585774 0.04353125 0.08832635983263598
2 0.363375 0.9574058577405857 0.08006250000000001 0.0794979079497908
2 0.6636562500000001 0.9602510460251046 0.06296874999999999 0.0794979079497908
2 0.3055 0.3892468619246862 0.0456875 0.06719665271966527