2 0.7719400000000001 0.349717868338558 0.11368 0.18579937304075236
2 0.34144 0.36463949843260185 0.23446 0.12191222570532916
2 0.55086 0.43047021943573666 0.18078 0.355423197492163
2 0.91586 0.4308150470219436 0.1683 0.3287460815047022
2 0.71704 0.5134796238244514 0.11814 0.20015673981191223
2 0.36263999999999996 0.6244200626959248 0.24688 0.3476175548589342
2 0.1186 0.6276175548589342 0.18628 0.32655172413793104
2 0.80488 0.7988087774294671 0.21134 0.23398119122257052
2 0.4037 0.8996865203761756 0.26398 0.2006269592476489
2 0.61948 0.20304075235109717 0.16054 0.23755485893416928
2 0.9656 0.2071473354231975 0.0688 0.2553605015673981
2 0.37807999999999997 0.2659247648902821 0.15774000000000002 0.14780564263322885
2 0.0998 0.3039498432601881 0.1996 0.17507836990595613