4 0.43324 0.7257333333333332 0.02538 0.05658666666666667
4 0.36668 0.7258666666666667 0.02146 0.02816
4 0.772 0.75792 0.022879999999999998 0.038933333333333334
4 0.8365 0.7756000000000001 0.02416 0.06170666666666667
4 0.5839 0.7842666666666668 0.02822 0.0424
4 0.63118 0.7912533333333334 0.027420000000000003 0.04405333333333333
4 0.9629 0.79176 0.020079999999999997 0.049146666666666665
4 0.5531200000000001 0.7945599999999999 0.02206 0.054773333333333334
4 0.8785 0.7960533333333333 0.03448 0.05122666666666667
4 0.9794400000000001 0.8073333333333333 0.01966 0.055573333333333336
4 0.92388 0.80824 0.02818 0.05504
4 0.50004 0.8082666666666667 0.02336 0.03922666666666667
4 0.69698 0.8107733333333333 0.02976 0.05848
4 0.66726 0.81664 0.029920000000000002 0.059919999999999994
4 0.7759400000000001 0.81664 0.0246 0.049679999999999995
4 0.58584 0.8200266666666667 0.016739999999999998 0.03184
4 0.45944 0.8320533333333333 0.04692 0.04714666666666666
4 0.7315 0.8346666666666667 0.026 0.05738666666666666
4 0.55006 0.8408266666666667 0.02208 0.028319999999999998
4 0.51748 0.8439466666666667 0.030260000000000002 0.04024
4 0.96458 0.8475199999999999 0.02648 0.054
4 0.80898 0.8500533333333333 0.02702 0.05501333333333333
4 0.29428 0.8528266666666666 0.02438 0.04818666666666667
4 0.34108 0.8574133333333332 0.02876 0.05330666666666666
4 0.697 0.8611733333333333 0.02368 0.044373333333333334
4 0.91812 0.8623466666666667 0.03514 0.06424
4 0.21348 0.8658933333333333 0.02588 0.04149333333333333
4 0.3917 0.8690666666666667 0.0346 0.07250666666666666
4 0.4174 0.8711733333333334 0.024460000000000003 0.039786666666666665
4 0.65972 0.8712533333333334 0.032920000000000005 0.052879999999999996
4 0.60968 0.8714933333333333 0.038299999999999994 0.05946666666666667
4 0.56128 0.87608 0.02298 0.03317333333333333
4 0.5092 0.8771733333333334 0.026539999999999998 0.04360000000000001
4 0.87458 0.8780533333333332 0.02494 0.060346666666666667
4 0.7567200000000001 0.8785599999999999 0.02926 0.04634666666666666
4 0.48360000000000003 0.8796266666666667 0.0215 0.040266666666666666
4 0.73092 0.8921333333333333 0.0238 0.03248
4 0.8998200000000001 0.8924 0.0293 0.057600000000000005
4 0.7971 0.8925866666666668 0.027059999999999997 0.05445333333333334
4 0.17684 0.89712 0.02028 0.038373333333333336
4 0.84636 0.9049333333333334 0.033159999999999995 0.04573333333333333
4 0.31964 0.9060266666666666 0.03204 0.05208
4 0.63018 0.9060266666666666 0.02234 0.043866666666666665
4 0.9834400000000001 0.9079466666666667 0.033100000000000004 0.08050666666666667
4 0.14778 0.9093866666666666 0.02674 0.05466666666666667
4 0.55192 0.9115466666666666 0.038119999999999994 0.03848
4 0.69338 0.9126666666666666 0.02872 0.048933333333333336
4 0.35364 0.91696 0.02776 0.05181333333333333
4 0.45904 0.9170666666666666 0.0339 0.041280000000000004
4 0.24734 0.9261866666666666 0.03202 0.05957333333333333
4 0.50262 0.9270133333333334 0.0329 0.06663999999999999
4 0.40764 0.9291466666666667 0.032619999999999996 0.04906666666666666
4 0.66634 0.9341066666666668 0.03004 0.050800000000000005
4 0.76464 0.9366666666666666 0.02048 0.05997333333333333
4 0.16606 0.9471466666666667 0.02284 0.035866666666666665
4 0.82774 0.9483999999999999 0.03508 0.04669333333333334
4 0.55388 0.9575733333333333 0.0359 0.05256
4 0.96424 0.95784 0.03566 0.04872
4 0.6090399999999999 0.9586933333333333 0.03236 0.05893333333333334
4 0.74386 0.95928 0.048 0.06050666666666667
4 0.14442 0.9616533333333334 0.02504 0.04594666666666667
4 0.38524 0.9650133333333333 0.03322 0.04005333333333333
4 0.8653200000000001 0.9664533333333334 0.03118 0.04
4 0.33714 0.9668266666666667 0.03178 0.05773333333333333
4 0.42246 0.9678933333333333 0.02536 0.0404
4 0.89952 0.9687199999999999 0.0304 0.06256
4 0.31112 0.9728266666666666 0.038799999999999994 0.05434666666666666
4 0.20398 0.9737066666666666 0.02402 0.04277333333333333
4 0.6859400000000001 0.9789866666666667 0.03232 0.04205333333333333
4 0.51062 0.98 0.03552 0.04
4 0.446 0.9841066666666667 0.02296 0.031786666666666664
4 0.25314 0.98512 0.02518 0.029733333333333334