4 0.70438 0.4358007117437722 0.08318 0.19334519572953737
4 0.06520000000000001 0.5247330960854092 0.12718000000000002 0.34608540925266906
4 0.6346799999999999 0.5479003558718861 0.06614 0.17893238434163702
4 0.56438 0.6071174377224199 0.05316 0.1308540925266904
4 0.42995999999999995 0.607864768683274 0.04728 0.1313523131672598
4 0.24080000000000001 0.6876156583629893 0.04846 0.13391459074733097
4 0.76554 0.6879003558718861 0.04318 0.11978647686832739
4 0.4743 0.715338078291815 0.05086 0.1213167259786477
4 0.18131999999999998 0.7407117437722419 0.046479999999999994 0.11651245551601425
4 0.33096 0.7438434163701068 0.049280000000000004 0.1395729537366548
4 0.6864 0.7878291814946619 0.044899999999999995 0.13120996441281138
4 0.17342 0.8801423487544484 0.04952 0.14423487544483987
4 0.77722 0.2187544483985765 0.09712 0.2323487544483986