2 0.13502 0.39898666666666666 0.04292 0.05848
2 0.25976 0.45842666666666665 0.07532 0.11274666666666668
2 0.14426 0.4750666666666667 0.04262 0.0824
2 0.69594 0.48232 0.06459999999999999 0.08256000000000001
2 0.7915399999999999 0.4836266666666667 0.07424 0.12621333333333332
2 0.61098 0.5047466666666667 0.03868 0.07392
2 0.93196 0.5134666666666667 0.09058 0.14792
2 0.48769999999999997 0.5784266666666666 0.08198 0.16402666666666665
2 0.655 0.6000266666666666 0.08278 0.13258666666666666
2 0.40926 0.6126666666666667 0.08684 0.15381333333333333
2 0.04572 0.6451466666666666 0.08414 0.14976
2 0.12334 0.6716266666666667 0.08898 0.24728
2 0.15402000000000002 0.68056 0.00844 0.0009066666666666667
2 0.9626 0.69696 0.07482 0.2616
2 0.8002999999999999 0.8241066666666668 0.23024 0.35178666666666664
2 0.26992 0.8424266666666668 0.13846 0.31512
2 0.038880000000000005 0.8630666666666666 0.07776000000000001 0.27384
2 0.6120399999999999 0.8641066666666667 0.10204 0.2717866666666667
2 0.55852 0.9102666666666668 0.06976 0.17949333333333334
2 0.42316000000000004 0.9225599999999999 0.09136 0.15488