2 0.95115625 0.043916666666666666 0.09765625 0.08783333333333333
2 0.51709375 0.48275 0.52415625 0.5289583333333333
2 0.53696875 0.05558333333333333 0.1264375 0.11120833333333334
2 0.27103125 0.5448333333333333 0.16896875 0.18495833333333334
2 0.8916562499999999 0.6724583333333333 0.21671875 0.61475
2 0.21978124999999998 0.08308333333333334 0.31578125 0.16616666666666668
2 0.92734375 0.16020833333333334 0.14528125 0.169625
2 0.09190625 0.234125 0.1838125 0.3383333333333333
2 0.7105937499999999 0.0285 0.10759375 0.05695833333333333
2 0.242375 0.28879166666666667 0.12946875 0.14508333333333334
2 0.83265625 0.037000000000000005 0.13443750000000002 0.07404166666666666