4 0.15590625 0.42012499999999997 0.108375 0.20933333333333334
4 0.7421875 0.42583333333333334 0.09343749999999999 0.13741666666666666
4 0.42443749999999997 0.42870833333333336 0.0931875 0.16658333333333333
4 0.54359375 0.47570833333333334 0.07125000000000001 0.12995833333333334
4 0.70478125 0.5089583333333334 0.10193749999999999 0.16870833333333335
4 0.8389374999999999 0.5272916666666666 0.08156250000000001 0.13391666666666666
4 0.30734374999999997 0.5391666666666667 0.06896875 0.12200000000000001
4 0.029187499999999998 0.5469166666666666 0.05840625000000001 0.16524999999999998
4 0.91975 0.06404166666666666 0.1479375 0.12804166666666666
4 0.197 0.6397083333333333 0.09231249999999999 0.1485
4 0.36653125000000003 0.6894166666666667 0.0486875 0.09645833333333333
4 0.58221875 0.7112083333333333 0.04134375 0.08508333333333334
4 0.646875 0.780625 0.05896875 0.11470833333333334
4 0.916375 0.13941666666666666 0.10546875 0.09233333333333334
4 0.51671875 0.23274999999999998 0.15021875 0.20991666666666667
4 0.2865625 0.33233333333333337 0.15240625000000002 0.21625
4 0.77609375 0.34600000000000003 0.11950000000000001 0.18420833333333334
4 0.51340625 0.3687083333333333 0.08465625 0.12741666666666665
4 0.07303125 0.3747916666666667 0.1211875 0.22179166666666666