2 0.5262 0.3321492537313433 0.03334 0.054179104477611935
2 0.78608 0.34426865671641793 0.041 0.05958208955223881
2 0.62022 0.39364179104477615 0.034140000000000004 0.09074626865671641
2 0.5665 0.4106268656716418 0.05796 0.06644776119402986
2 0.42457999999999996 0.4291940298507463 0.053520000000000005 0.06913432835820896
2 0.052899999999999996 0.44125373134328355 0.04616 0.054626865671641794
2 0.68028 0.49659701492537317 0.03958 0.08176119402985074
2 0.74252 0.5143283582089553 0.046200000000000005 0.07602985074626865
2 0.15344 0.516179104477612 0.04992 0.08113432835820895
2 0.3765 0.5220298507462686 0.07866 0.10092537313432837
2 0.28981999999999997 0.5237611940298508 0.06338 0.08140298507462687
2 0.8531799999999999 0.5255223880597015 0.06068 0.09722388059701492
2 0.96958 0.5316119402985074 0.060840000000000005 0.12391044776119402
2 0.91716 0.5823880597014925 0.07808 0.12498507462686566
2 0.19724 0.5825074626865672 0.04426 0.08459701492537314
2 0.62294 0.6162388059701492 0.06356 0.10211940298507463
2 0.55206 0.6188656716417911 0.07912000000000001 0.13125373134328358
2 0.462 0.6198208955223881 0.05368 0.06946268656716417
2 0.07468000000000001 0.6388358208955224 0.06572 0.1314029850746269
2 0.3628 0.6493134328358209 0.0713 0.12850746268656715
2 0.74706 0.6548955223880597 0.07981999999999999 0.1276716417910448
2 0.88328 0.6584179104477612 0.08824 0.14271641791044776
2 0.97892 0.6737910447761194 0.04218 0.1336716417910448
2 0.44738 0.7019701492537314 0.06978 0.11838805970149252
2 0.19274000000000002 0.7029552238805971 0.09381999999999999 0.1641492537313433
2 0.25402 0.7569253731343283 0.09373999999999999 0.16856716417910447