4 0.6239375 0.4272916666666667 0.0755 0.12108333333333333
4 0.5179375 0.4502083333333333 0.08540624999999999 0.122625
4 0.2243125 0.45766666666666667 0.07515625000000001 0.08625
4 0.9524374999999999 0.48641666666666666 0.09037500000000001 0.112625
4 0.85678125 0.506125 0.07259375 0.09958333333333333
4 0.59640625 0.26 0.06471875 0.08666666666666667
4 0.8058125 0.27870833333333334 0.06837499999999999 0.09058333333333332
4 0.5254375 0.29604166666666665 0.0646875 0.092125
4 0.715625 0.31616666666666665 0.05696875 0.07175
4 0.31853125000000004 0.32129166666666664 0.08009374999999999 0.12154166666666667
4 0.1149375 0.32845833333333335 0.076875 0.11825
4 0.6405937500000001 0.3295 0.050937500000000004 0.07966666666666668
4 0.44281249999999994 0.35483333333333333 0.09725 0.11566666666666667
4 0.23634375 0.3580833333333333 0.0728125 0.10112499999999999
4 0.9473437499999999 0.37975 0.09518750000000001 0.10466666666666667