4 0.7781875 0.4295 0.15590625 0.22370833333333331
4 0.168875 0.5215 0.16109374999999998 0.22558333333333333
4 0.92484375 0.5366666666666667 0.00043750000000000006 0.0019166666666666668
4 0.42434374999999996 0.6701666666666667 0.1511875 0.2768333333333333
4 0.59209375 0.770875 0.2843125 0.373125
4 0.0520625 0.8689583333333334 0.10409375000000001 0.25595833333333334
4 0.8228125000000001 0.8849166666666667 0.18328125 0.23016666666666669
4 0.07159375 0.15662500000000001 0.082625 0.13075
4 0.8535625 0.20229166666666665 0.12353125000000001 0.155
4 0.4680625 0.21179166666666666 0.1255625 0.17754166666666665
4 0.17703125 0.33729166666666666 0.147625 0.1905
4 0.0723125 0.3375416666666667 0.11290625000000001 0.16987500000000003
4 0.9182499999999999 0.3983333333333333 0.1509375 0.18554166666666666
4 0.61140625 0.40020833333333333 0.15628124999999998 0.22104166666666666
4 0.39584375 0.41450000000000004 0.1418125 0.18216666666666667