0 0.6325581395348837 0.06808510638297872 0.13953488372093023 0.10212765957446808
0 0.40930232558139534 0.07446808510638298 0.13023255813953488 0.1148936170212766
0 0.2558139534883721 0.09787234042553192 0.16744186046511628 0.15319148936170213
0 0.5209302325581395 0.125531914893617 0.15813953488372093 0.12340425531914893
0 0.7744186046511627 0.14042553191489363 0.14418604651162792 0.1276595744680851
0 0.6674418604651163 0.20425531914893616 0.15348837209302327 0.16170212765957448
0 0.4 0.2127659574468085 0.19534883720930232 0.1276595744680851
0 0.16744186046511628 0.23191489361702128 0.17674418604651163 0.14042553191489363
0 0.872093023255814 0.23829787234042554 0.13488372093023257 0.1702127659574468
0 0.7767441860465116 0.33191489361702126 0.15813953488372093 0.15319148936170213
0 0.28604651162790695 0.3553191489361702 0.1813953488372093 0.1574468085106383
0 0.5279069767441861 0.37446808510638296 0.2186046511627907 0.19574468085106383