4 0.6682187500000001 0.4196666666666667 0.04965625 0.07745833333333334
4 0.4034375 0.42675 0.052125 0.07504166666666667
4 0.803125 0.4292916666666667 0.0605625 0.057
4 0.44928125 0.4374166666666667 0.058437499999999996 0.08804166666666666
4 0.86484375 0.469875 0.0530625 0.08258333333333333
4 0.91425 0.4700416666666667 0.06253125000000001 0.08295833333333333
4 0.5621562499999999 0.471625 0.0696875 0.090125
4 0.2789375 0.51575 0.0551875 0.08583333333333334
4 0.63146875 0.5219583333333333 0.056499999999999995 0.075625
4 0.10603125 0.5228333333333334 0.06709375 0.10099999999999999
4 0.23390624999999998 0.523375 0.061375 0.08833333333333333
4 0.42584375 0.5307499999999999 0.053000000000000005 0.08925000000000001
4 0.5188125 0.5555416666666667 0.061906249999999996 0.089125
4 0.8130000000000001 0.5749583333333333 0.06493750000000001 0.08429166666666667
4 0.7366875 0.5847083333333334 0.0735 0.08708333333333333
4 0.46803125 0.6074583333333333 0.06296874999999999 0.09591666666666666
4 0.39753125 0.6212916666666667 0.06784375000000001 0.10370833333333333
4 0.148 0.06529166666666666 0.0420625 0.067375
4 0.30425 0.6394166666666667 0.0716875 0.09254166666666667
4 0.8311875000000001 0.6486666666666667 0.06281250000000001 0.10079166666666667
4 0.0750625 0.6649166666666667 0.06571875 0.09566666666666666
4 0.41993749999999996 0.06870833333333333 0.0381875 0.050124999999999996
4 0.5601875 0.6934166666666666 0.0675625 0.10325000000000001
4 0.7939375 0.712375 0.07534375 0.12508333333333332
4 0.13590625 0.7449583333333333 0.075 0.08208333333333333
4 0.31828124999999996 0.7461666666666668 0.06999999999999999 0.08758333333333333
4 0.6208750000000001 0.7567083333333334 0.06525 0.09808333333333333
4 0.246 0.7605000000000001 0.0713125 0.08845833333333333
4 0.02215625 0.7982916666666667 0.04434375 0.09658333333333333
4 0.42409375000000005 0.8004166666666667 0.08225 0.11274999999999999
4 0.1266875 0.8284583333333334 0.07365625 0.08979166666666667
4 0.5655625 0.84075 0.07190625 0.09925
4 0.73596875 0.8425416666666667 0.07803125 0.09383333333333334
4 0.03425 0.9603333333333333 0.0685 0.079375
4 0.33903125 0.17808333333333334 0.0430625 0.06245833333333333
4 0.42300000000000004 0.23766666666666666 0.046625 0.066
4 0.35334374999999996 0.23941666666666667 0.04190625 0.058208333333333334
4 0.22640625 0.31145833333333334 0.04934375 0.09133333333333334
4 0.31284375 0.3268333333333333 0.0483125 0.087125
4 0.3646875 0.32779166666666665 0.05865625 0.07620833333333334
4 0.45596875 0.3577083333333333 0.05228125 0.07245833333333333
4 0.1253125 0.37412500000000004 0.056125 0.0895
4 0.27634375 0.39008333333333334 0.062343749999999996 0.07145833333333333
4 0.7259375 0.39620833333333333 0.06109375 0.08529166666666667