4 0.76018 0.3066376811594203 0.11222 0.1696521739130435
4 0.11668 0.37281159420289856 0.09184 0.18330434782608696
4 0.91976 0.3884057971014493 0.08856 0.22828985507246377
4 0.18042 0.42788405797101453 0.08843999999999999 0.1726376811594203
4 0.29857999999999996 0.4855362318840579 0.13794 0.20820289855072463
4 0.5465 0.6231884057971014 0.12156 0.1916231884057971
4 0.87514 0.6508115942028986 0.143 0.20034782608695653
4 0.6948799999999999 0.6696811594202898 0.15272 0.20324637681159421
4 0.41518 0.7631014492753623 0.11334000000000001 0.15437681159420288
4 0.33724 0.7933333333333333 0.10416 0.19330434782608694
4 0.5247 0.11901449275362319 0.08862 0.13742028985507246
4 0.2565 0.27 0.0833 0.151536231884058