4 0.8201250000000001 0.4608715596330275 0.12783333333333333 0.18637614678899084
4 0.11800000000000001 0.5329816513761467 0.15495833333333334 0.228348623853211
4 0.5935 0.5972477064220183 0.13133333333333333 0.15738532110091744
4 0.28845833333333337 0.6104128440366973 0.202375 0.24353211009174314
4 0.8518749999999999 0.633348623853211 0.12633333333333333 0.19770642201834862
4 0.7152499999999999 0.6660091743119266 0.11391666666666667 0.17128440366972478
4 0.417 0.7580733944954128 0.13258333333333333 0.14330275229357797
4 0.1389166666666667 0.7909633027522937 0.13158333333333333 0.15394495412844036
4 0.8114166666666667 0.8346788990825689 0.14204166666666668 0.1844954128440367
4 0.944875 0.87651376146789 0.11025 0.20944954128440366
4 0.3418333333333334 0.14357798165137614 0.10620833333333332 0.1475229357798165
4 0.8814166666666666 0.16220183486238532 0.14691666666666667 0.19876146788990826
4 0.6597500000000001 0.27288990825688075 0.14066666666666666 0.19481651376146789
4 0.162 0.28527522935779814 0.1423333333333333 0.1915137614678899
4 0.4332083333333333 0.351651376146789 0.129625 0.20467889908256878