4 0.1990566037735849 0.4583333333333333 0.15044025157232704 0.09120833333333334
4 0.37358490566037733 0.49241666666666667 0.08654088050314465 0.06379166666666666
4 0.05874213836477987 0.49412500000000004 0.11748427672955974 0.12716666666666668
4 0.5333962264150943 0.4942083333333333 0.10628930817610062 0.06383333333333334
4 0.6782389937106919 0.5070416666666666 0.09050314465408806 0.06570833333333333
4 0.49968553459119497 0.5463749999999999 0.09874213836477987 0.06895833333333333
4 0.15647798742138364 0.5587916666666667 0.17320754716981132 0.157
4 0.3130188679245283 0.5737083333333334 0.1719496855345912 0.11699999999999999
4 0.7128301886792453 0.57925 0.11075471698113207 0.06233333333333334
4 0.43968553459119497 0.60775 0.12836477987421382 0.07045833333333333
4 0.5608176100628931 0.6302083333333334 0.11540880503144654 0.08829166666666667
4 0.7188679245283018 0.6566666666666666 0.1238364779874214 0.07920833333333334
4 0.9085534591194969 0.6614583333333334 0.08981132075471698 0.057
4 0.22672955974842765 0.7130416666666667 0.20679245283018868 0.18150000000000002
4 0.8271069182389936 0.7708333333333334 0.1440251572327044 0.07208333333333333
4 0.48578616352201254 0.8238333333333333 0.20955974842767297 0.183125
4 0.7708805031446541 0.8420833333333333 0.16981132075471697 0.12654166666666666
4 0.1329559748427673 0.3988333333333333 0.10415094339622641 0.057749999999999996