4 0.23224 0.31092261904761903 0.11352 0.16404761904761905
4 0.63444 0.3175595238095238 0.08932 0.133125
4 0.18969999999999998 0.3868452380952381 0.0995 0.13461309523809523
4 0.53258 0.4489583333333333 0.10686 0.1598214285714286
4 0.3964 0.4568452380952381 0.11448 0.14782738095238096
4 0.2471 0.5291666666666667 0.11474 0.1589583333333333
4 0.89038 0.5375595238095239 0.10986 0.1507738095238095
4 0.7544 0.5682142857142857 0.08907999999999999 0.15214285714285714
4 0.4663 0.7450892857142857 0.1349 0.25479166666666664
4 0.5965199999999999 0.8247619047619048 0.14602 0.18720238095238095
4 0.75194 0.8261011904761905 0.12954 0.17294642857142856
4 0.166 0.8274107142857142 0.08104 0.11732142857142858
4 0.25234 0.22086309523809522 0.11316 0.13904761904761903