4 0.24246 0.34534534534534533 0.07740000000000001 0.16651651651651653
4 0.816 0.42327327327327324 0.036340000000000004 0.07504504504504504
4 0.3941 0.4314114114114114 0.06346 0.15723723723723723
4 0.48663999999999996 0.43657657657657656 0.032380000000000006 0.059669669669669675
4 0.6566000000000001 0.45630630630630625 0.08022 0.14396396396396396
4 0.72388 0.46993993993994 0.09422 0.19549549549549547
4 0.25662 0.4706906906906907 0.04746 0.10045045045045047
4 0.9395800000000001 0.49486486486486486 0.12086 0.319039039039039
4 0.7905 0.4971771771771772 0.04528 0.08933933933933934
4 0.17176 0.5541741741741741 0.05938 0.11096096096096097
4 0.48684 0.6904504504504504 0.04206 0.0915915915915916
4 0.61978 0.7184684684684685 0.17122 0.2787387387387387
4 0.40846 0.8441741741741742 0.04268 0.10663663663663663
4 0.8720399999999999 0.8670870870870871 0.19338 0.26585585585585586
4 0.10804000000000001 0.21540540540540543 0.20978 0.43081081081081085