4 0.1977 0.3308734939759036 0.10464 0.2049397590361446
4 0.06634000000000001 0.3434638554216867 0.13169999999999998 0.20099397590361448
4 0.62828 0.34954819277108434 0.08492 0.14087349397590362
4 0.44666 0.36301204819277105 0.10298 0.18789156626506026
4 0.5281399999999999 0.4232831325301205 0.07636 0.15054216867469877
4 0.8672000000000001 0.48385542168674694 0.08274 0.136355421686747
4 0.29268 0.5007831325301204 0.07651999999999999 0.1622289156626506
4 0.6514 0.5243072289156626 0.08784 0.13153614457831325
4 0.44218 0.5688253012048192 0.08006 0.13572289156626507
4 0.0334 0.5819578313253012 0.0668 0.2040963855421687
4 0.73246 0.646144578313253 0.08528 0.13563253012048193
4 0.08884 0.8130120481927712 0.09806000000000001 0.16560240963855422