2 0.97892 0.30147147147147146 0.04218 0.0824024024024024
2 0.25104 0.3041141141141141 0.04244 0.055675675675675676
2 0.7153999999999999 0.30696696696696696 0.03782 0.04936936936936937
2 0.15052000000000001 0.3103003003003003 0.04938 0.06006006006006006
2 0.63974 0.3154954954954955 0.04118 0.07444444444444444
2 0.8396399999999999 0.3273873873873874 0.06228 0.09021021021021021
2 0.43563999999999997 0.346966966966967 0.06495999999999999 0.08933933933933934
2 0.31336 0.3478078078078078 0.052399999999999995 0.062402402402402406
2 0.72546 0.35324324324324324 0.05262 0.057837837837837844
2 0.96084 0.38279279279279277 0.062020000000000006 0.08489489489489489
2 0.16556 0.395015015015015 0.05814 0.08531531531531532
2 0.67614 0.39558558558558554 0.04194 0.07444444444444444
2 0.5303 0.3974774774774775 0.0516 0.11030030030030029
2 0.59596 0.4103003003003003 0.06516 0.09834834834834835
2 0.7453 0.41681681681681687 0.0584 0.07444444444444444
2 0.31454000000000004 0.42315315315315316 0.07393999999999999 0.10195195195195196
2 0.23068 0.42897897897897896 0.06573999999999999 0.1064864864864865
2 0.018920000000000003 0.4439039039039039 0.03786 0.10147147147147147
2 0.88086 0.44600600600600604 0.0594 0.0872072072072072
2 0.80006 0.45675675675675675 0.0498 0.08066066066066066
2 0.56502 0.46114114114114113 0.05172 0.06942942942942944
2 0.1006 0.46216216216216216 0.0562 0.09147147147147147
2 0.15180000000000002 0.4891891891891892 0.049280000000000004 0.09348348348348348
2 0.43918 0.4912912912912913 0.05874 0.10087087087087088
2 0.20734 0.5087687687687688 0.05904 0.08858858858858859
2 0.67276 0.5188288288288289 0.04122 0.09009009009009009
2 0.9484 0.5215615615615616 0.048 0.08228228228228228
2 0.76612 0.5270870870870871 0.07662000000000001 0.09048048048048048
2 0.62382 0.5375375375375375 0.06266 0.09810810810810812
2 0.851 0.5401501501501501 0.05834 0.0872972972972973
2 0.5160800000000001 0.5845945945945945 0.09518 0.1481981981981982
2 0.11366 0.5924324324324325 0.061 0.09975975975975976
2 0.40232 0.5961861861861862 0.09509999999999999 0.13921921921921923
2 0.30607999999999996 0.6087087087087086 0.08852 0.14432432432432432
2 0.77852 0.612042042042042 0.06666 0.12684684684684686
2 0.0514 0.6136636636636636 0.07514 0.15423423423423424
2 0.88782 0.6643843843843844 0.084 0.11156156156156155
2 0.37307999999999997 0.7237537537537537 0.07587999999999999 0.16495495495495496
2 0.63816 0.7251651651651652 0.12334 0.15702702702702703
2 0.10321999999999999 0.7278078078078078 0.09348000000000001 0.15033033033033033
2 0.83376 0.7497597597597597 0.12986 0.2152852852852853
2 0.45032 0.7613513513513513 0.08102 0.18135135135135136
2 0.95614 0.7675075075075075 0.08084000000000001 0.1236936936936937
2 0.70848 0.893093093093093 0.15728 0.17771771771771772
2 0.21530000000000002 0.9082582582582582 0.13602 0.18348348348348348
2 0.96224 0.9164264264264265 0.07551999999999999 0.16717717717717717
2 0.50336 0.22714714714714715 0.040420000000000005 0.06594594594594595
2 0.46884 0.2436036036036036 0.03536 0.05078078078078078
2 0.94244 0.2688288288288288 0.038560000000000004 0.05714714714714715
2 0.875 0.2757657657657658 0.03768 0.052162162162162164
2 0.43712 0.2804804804804805 0.0455 0.05771771771771771
2 0.0935 0.28645645645645645 0.03668 0.06441441441441441
2 0.91384 0.292972972972973 0.03472 0.05342342342342342
2 0.37012 0.29444444444444445 0.05318 0.08633633633633633