2 0.4651 0.37858858858858857 0.03854 0.05249249249249249
2 0.43563999999999997 0.38426426426426424 0.04096 0.051831831831831834
2 0.18919999999999998 0.39078078078078077 0.04408 0.06084084084084085
2 0.35558 0.40927927927927926 0.0451 0.062252252252252255
2 0.10534 0.4356456456456456 0.02572 0.05444444444444444
2 0.07268000000000001 0.4542642642642643 0.03246 0.05762762762762763
2 0.27518 0.45810810810810815 0.05082 0.08156156156156157
2 0.22888 0.4603903903903904 0.046119999999999994 0.07591591591591591
2 0.11312 0.49219219219219223 0.04392 0.06348348348348348
2 0.1554 0.49327327327327325 0.03342 0.05876876876876877
2 0.03688 0.5182582582582583 0.07376 0.09957957957957957
2 0.32592000000000004 0.5304504504504504 0.04284 0.07045045045045045
2 0.43860000000000005 0.5412012012012012 0.0629 0.08939939939939939
2 0.52516 0.5485585585585585 0.03068 0.07711711711711712
2 0.056780000000000004 0.5943543543543544 0.0549 0.06648648648648649
2 0.30712 0.6026426426426427 0.03726 0.04810810810810811
2 0.1305 0.6129129129129129 0.09142 0.12363363363363364
2 0.02648 0.6373273273273273 0.036 0.06543543543543544
2 0.30782 0.6848348348348349 0.10266 0.12843843843843844
2 0.43044 0.7681681681681682 0.09724 0.178978978978979
2 0.40026 0.2779279279279279 0.02768 0.05228228228228228
2 0.34424 0.28885885885885887 0.042159999999999996 0.053183183183183186