2 0.08796 0.300990990990991 0.0648 0.09345345345345346
2 0.6782999999999999 0.33045045045045046 0.05848 0.07864864864864865
2 0.25988 0.3633033033033033 0.054759999999999996 0.06996996996996997
2 0.98064 0.3965465465465466 0.03418 0.08807807807807808
2 0.81508 0.40636636636636636 0.0665 0.09150150150150149
2 0.91384 0.4120720720720721 0.07202 0.11144144144144144
2 0.65212 0.44570570570570567 0.03658 0.08258258258258258
2 0.12215999999999999 0.48588588588588594 0.07740000000000001 0.14084084084084084
2 0.26168 0.4876276276276276 0.08394 0.18414414414414415
2 0.01908 0.5059459459459459 0.03816 0.17915915915915914
2 0.94738 0.5490390390390391 0.05646 0.11309309309309308
2 0.74854 0.6618018018018018 0.1056 0.24153153153153156
2 0.04164 0.697027027027027 0.08228 0.18081081081081082
2 0.15958 0.7604204204204205 0.09684000000000001 0.2035135135135135
2 0.9255800000000001 0.7915615615615614 0.14884 0.22579579579579578
2 0.05306 0.9414414414414415 0.10248 0.11711711711711711
2 0.562 0.24606606606606607 0.06437999999999999 0.0957057057057057
2 0.25858 0.27465465465465466 0.05296 0.08684684684684685