2 0.6742083333333333 0.042874999999999996 0.08508333333333334 0.038125
2 0.31475000000000003 0.5881666666666666 0.09733333333333333 0.080875
2 0.43074999999999997 0.5891249999999999 0.121125 0.08475
2 0.5835 0.745125 0.08224999999999999 0.13704166666666667
2 0.20220833333333335 0.7914166666666667 0.192625 0.20983333333333334
2 0.49774999999999997 0.08620833333333335 0.052333333333333336 0.04533333333333334
2 0.943625 0.882875 0.073 0.12033333333333333
2 0.8345416666666666 0.886625 0.07633333333333334 0.06429166666666666
2 0.3575833333333333 0.8918750000000001 0.13829166666666665 0.21625
2 0.5619583333333333 0.9181666666666667 0.21770833333333334 0.15779166666666666
2 0.7703333333333333 0.9200833333333333 0.11858333333333333 0.09016666666666667
2 0.16304166666666667 0.9504166666666667 0.18179166666666668 0.09920833333333333
2 0.7054166666666667 0.10029166666666667 0.06345833333333334 0.06820833333333334
2 0.5565 0.132125 0.06787499999999999 0.07775
2 0.8727916666666666 0.15633333333333335 0.048749999999999995 0.051708333333333335
2 0.4910833333333333 0.1564583333333333 0.07991666666666666 0.09070833333333334
2 0.6628333333333334 0.15925 0.07020833333333334 0.08829166666666667
2 0.807125 0.17787499999999998 0.0775 0.058791666666666666