4 0.94059375 0.5179342723004694 0.07159375 0.10643192488262912
4 0.18240625 0.5530046948356808 0.1035 0.12093896713615024
4 0.80815625 0.5861971830985916 0.102375 0.13173708920187793
4 0.033875 0.5985446009389671 0.06778125 0.1347887323943662
4 0.26475 0.6109389671361503 0.08140625 0.12793427230046947
4 0.7900625 0.06859154929577464 0.07265625 0.10629107981220658
4 0.67721875 0.6807981220657277 0.09140625 0.1392018779342723
4 0.46228125000000003 0.07042253521126761 0.06884375000000001 0.09075117370892018
4 0.8513125 0.7060563380281689 0.092875 0.1346948356807512
4 0.40475000000000005 0.7459154929577465 0.10284374999999998 0.1460093896713615
4 0.13784375 0.750093896713615 0.0013124999999999999 0.001784037558685446
4 0.5390312500000001 0.7694835680751174 0.1210625 0.16680751173708921
4 0.11471875000000001 0.8046478873239435 0.100875 0.10694835680751175
4 0.31706249999999997 0.8556807511737089 0.10371875 0.17774647887323944
4 0.75428125 0.876056338028169 0.0995 0.14488262910798122
4 0.14496875 0.8932863849765259 0.09812499999999999 0.13253521126760565
4 0.51865625 0.8980281690140846 0.095625 0.1711267605633803
4 0.39990625 0.9088262910798123 0.07334375 0.11408450704225352
4 0.6234375 0.2425352112676056 0.06684375000000001 0.09882629107981221
4 0.23271875 0.2784507042253521 0.06737499999999999 0.08178403755868545
4 0.45725 0.2923943661971831 0.08640624999999999 0.14788732394366197
4 0.85878125 0.3185446009389671 0.09425 0.11671361502347417
4 0.92684375 0.3282159624413145 0.04890625 0.11450704225352112
4 0.71025 0.35098591549295777 0.06015625 0.07206572769953051
4 0.39315625 0.03835680751173709 0.06925 0.07671361502347418
4 0.045156249999999995 0.38 0.09031249999999999 0.12619718309859154
4 0.1204375 0.42708920187793425 0.07321875 0.10089201877934272
4 0.45109374999999996 0.4366666666666667 0.08875 0.11826291079812207
4 0.2486875 0.43741784037558684 0.09278125000000001 0.11586854460093897
4 0.7964687500000001 0.4395774647887324 0.09459375 0.13192488262910798
4 0.3735 0.4557276995305164 0.06696875 0.10469483568075118
4 0.53728125 0.4583098591549296 0.0786875 0.11910798122065729
4 0.66325 0.46511737089201877 0.09078125000000001 0.14845070422535211