4 0.32321875 0.517511737089202 0.03609375 0.0607981220657277
4 0.8790625000000001 0.5496713615023474 0.050812500000000003 0.06577464788732394
4 0.22912499999999997 0.5624882629107981 0.04321875 0.0803755868544601
4 0.9389687500000001 0.5669014084507042 0.048375 0.07530516431924882
4 0.1843125 0.5781220657276995 0.05090625 0.08323943661971832
4 0.12584375 0.6065727699530515 0.057999999999999996 0.09028169014084507
4 0.36896874999999996 0.6200469483568075 0.051468749999999994 0.08431924882629109
4 0.93484375 0.6367136150234742 0.0484375 0.06455399061032864
4 0.4488125 0.6660093896713616 0.0008437500000000001 0.001784037558685446
4 0.10621875 0.6850704225352112 0.0630625 0.08685446009389672
4 0.0418125 0.7269014084507043 0.08359375 0.12356807511737089
4 0.966375 0.7486854460093897 0.06721875000000001 0.12018779342723006