4 0.12496875 0.47779166666666667 0.1268125 0.15
4 0.42040625 0.48333333333333334 0.10753125 0.153125
4 0.5587500000000001 0.5389583333333333 0.10690625000000001 0.14154166666666665
4 0.71603125 0.583 0.09165625 0.16991666666666666
4 0.8125937499999999 0.6155416666666667 0.09634374999999999 0.16133333333333333
4 0.28959375 0.6244166666666667 0.11674999999999999 0.13770833333333332
4 0.13553125 0.6867916666666667 0.10921875 0.15133333333333335
4 0.6224999999999999 0.076875 0.056437499999999995 0.09816666666666667
4 0.4465 0.8228333333333333 0.1755 0.21416666666666667
4 0.06584375 0.10645833333333334 0.08084375 0.10133333333333333
4 0.3580625 0.11616666666666667 0.09378125000000001 0.08154166666666667
4 0.53746875 0.118375 0.07409375 0.10166666666666666
4 0.77240625 0.177125 0.11499999999999999 0.137
4 0.21259375 0.210875 0.10015624999999999 0.11800000000000001
4 0.401875 0.21679166666666666 0.08834375 0.11841666666666667
4 0.33628125 0.23358333333333334 0.0821875 0.14179166666666668
4 0.8922812499999999 0.23445833333333335 0.08256250000000001 0.11891666666666666
4 0.48384375 0.23791666666666667 0.0725 0.09991666666666667
4 0.64596875 0.24645833333333333 0.08549999999999999 0.12779166666666666
4 0.0684375 0.283125 0.120875 0.12970833333333334
4 0.94721875 0.32375000000000004 0.08975 0.11970833333333333
4 0.52528125 0.3375416666666667 0.07034375000000001 0.11154166666666666
4 0.8200625 0.38195833333333334 0.0854375 0.11708333333333334
4 0.46896875 0.39329166666666665 0.088625 0.10004166666666667
4 0.24178125 0.4096666666666666 0.09996875 0.12929166666666667
4 0.74271875 0.4110833333333333 0.08853124999999999 0.13570833333333335