4 0.2309 0.3942942942942943 0.04902 0.10552552552552552
4 0.09614 0.4103903903903904 0.041979999999999996 0.09606606606606606
4 0.6878200000000001 0.44870870870870866 0.047560000000000005 0.10714714714714714
4 0.29825999999999997 0.46126126126126127 0.062240000000000004 0.1096996996996997
4 0.44872 0.4662462462462462 0.04582 0.09564564564564565
4 0.05472 0.4738138138138138 0.047939999999999997 0.11786786786786786
4 0.9192 0.4919519519519519 0.04278 0.11105105105105104
4 0.8192999999999999 0.4994294294294294 0.05098 0.113993993993994
4 0.9789 0.5075375375375375 0.04218 0.12216216216216216
4 0.34176 0.5115915915915916 0.0721 0.12627627627627627
4 0.52318 0.513033033033033 0.04542 0.09312312312312312
4 0.17321999999999999 0.5298198198198198 0.05216 0.1066966966966967
4 0.58836 0.5384984984984985 0.0611 0.10804804804804805
4 0.43318 0.5417417417417417 0.062020000000000006 0.10012012012012013
4 0.7826799999999999 0.5566966966966966 0.0445 0.12078078078078078
4 0.73022 0.5840540540540541 0.04924 0.09738738738738739
4 0.6706599999999999 0.5885585585585585 0.06038 0.10402402402402403
4 0.30436 0.6171771771771772 0.0813 0.12237237237237238
4 0.04654 0.6306606606606606 0.04772 0.10516516516516518
4 0.45824000000000004 0.6823423423423424 0.06754 0.10741741741741742
4 0.39482 0.7027627627627628 0.06868 0.10423423423423424
4 0.11034000000000001 0.7143843843843843 0.07574 0.09543543543543544
4 0.18472 0.7254954954954955 0.06182 0.10885885885885886
4 0.57126 0.7296996996996997 0.04144 0.11921921921921923
4 0.70224 0.7367267267267268 0.0522 0.10033033033033031
4 0.8304600000000001 0.7439039039039039 0.05196 0.12243243243243244
4 0.5081600000000001 0.7477177177177178 0.06602 0.10201201201201202
4 0.6231599999999999 0.772042042042042 0.0507 0.12267267267267268
4 0.2735 0.8067267267267267 0.0874 0.10396396396396396
4 0.94228 0.8282882882882883 0.0518 0.12267267267267268
4 0.16491999999999998 0.8503603603603604 0.07114 0.11114114114114114
4 0.7466799999999999 0.865945945945946 0.07443999999999999 0.12444444444444444
4 0.35992 0.8933933933933934 0.08431999999999999 0.13396396396396396
4 0.64388 0.8987387387387387 0.10012 0.1157957957957958
4 0.49957999999999997 0.9393093093093093 0.09215999999999999 0.1111111111111111