2 0.13709375 0.5800416666666667 0.0463125 0.05391666666666666
2 0.30346875 0.6106250000000001 0.037375000000000005 0.050583333333333334
2 0.5069375 0.6297916666666666 0.0416875 0.044333333333333336
2 0.1911875 0.643125 0.0471875 0.047875
2 0.34125 0.6641666666666667 0.0319375 0.05645833333333334
2 0.27153125 0.6665833333333333 0.030093750000000002 0.04745833333333334
2 0.8701874999999999 0.6671250000000001 0.03984375 0.04058333333333333
2 0.3865 0.6777083333333334 0.039468750000000004 0.05420833333333333
2 0.7971250000000001 0.6778333333333334 0.036625000000000005 0.050083333333333334
2 0.7235 0.7129166666666666 0.0381875 0.03695833333333333
2 0.79478125 0.7334166666666667 0.03790625 0.058083333333333334
2 0.19924999999999998 0.7359583333333333 0.038906249999999996 0.052125
2 0.3103125 0.7444583333333333 0.06596874999999999 0.08016666666666666
2 0.5616875 0.7549583333333333 0.0895 0.11708333333333334
2 0.4144375 0.7645 0.06887499999999999 0.08054166666666666
2 0.87984375 0.7729583333333333 0.071 0.07362500000000001
2 0.3865 0.8326666666666667 0.042749999999999996 0.11379166666666667
2 0.23253125 0.8404166666666666 0.07946875 0.12166666666666666
2 0.7066874999999999 0.8757083333333333 0.055343750000000004 0.13125
2 0.03490625 0.8783333333333334 0.064375 0.132875