2 0.64152 0.4012275449101796 0.10962000000000001 0.21748502994011976
2 0.8748400000000001 0.4673353293413174 0.17008 0.19766467065868262
2 0.73284 0.48967065868263476 0.09531999999999999 0.20553892215568864
2 0.32744 0.5676347305389222 0.07837999999999999 0.2232634730538922
2 0.69908 0.6480538922155689 0.12934 0.18140718562874253
2 0.24514 0.6580239520958084 0.16608 0.33032934131736524
2 0.54676 0.7087125748502994 0.18469999999999998 0.25206586826347305
2 0.13424 0.7731736526946108 0.12888 0.29808383233532937
2 0.14902 0.12131736526946109 0.09384 0.14589820359281436
2 0.74352 0.20149700598802395 0.06437999999999999 0.1220059880239521
2 0.06356 0.2763173652694611 0.12712 0.17491017964071856
2 0.48922000000000004 0.282065868263473 0.12193999999999999 0.14038922155688624
2 0.18216 0.28595808383233534 0.06778 0.16197604790419162