2 0.6420399999999999 0.539367469879518 0.06978 0.07069277108433734
2 0.62614 0.5931626506024097 0.056659999999999995 0.08189759036144578
2 0.49010000000000004 0.6374698795180722 0.04056 0.07819277108433735
2 0.92214 0.6541566265060241 0.05662 0.10746987951807228
2 0.6817799999999999 0.6553012048192771 0.061840000000000006 0.11572289156626507
2 0.28534 0.6638253012048192 0.08904000000000001 0.14006024096385541
2 0.73894 0.6719578313253012 0.05824 0.11903614457831327
2 0.7867000000000001 0.677289156626506 0.04376 0.10283132530120483
2 0.18596000000000001 0.6886144578313254 0.08294 0.09210843373493975
2 0.02084 0.6893975903614458 0.0417 0.05349397590361446
2 0.6279 0.6957530120481928 0.05218 0.13852409638554217
2 0.11338 0.7218975903614457 0.0631 0.07834337349397591
2 0.49424 0.735722891566265 0.07282 0.1019277108433735
2 0.16226 0.7997289156626506 0.12086 0.13759036144578313
2 0.93174 0.8276204819277108 0.0625 0.14921686746987953
2 0.44242000000000004 0.9186746987951807 0.05454 0.16265060240963855
2 0.072 0.9427409638554217 0.060340000000000005 0.11243975903614457