0 0.519 0.24294670846394983 0.186 0.14106583072100312
0 0.789 0.30799373040752354 0.17 0.14576802507836992
0 0.278 0.3299373040752351 0.16 0.13322884012539185
0 0.582 0.4067398119122257 0.116 0.13949843260188088
0 0.395 0.4341692789968652 0.178 0.13793103448275862
0 0.186 0.43808777429467083 0.168 0.12695924764890282
0 0.738 0.4443573667711599 0.168 0.14890282131661442
0 0.874 0.445141065830721 0.156 0.109717868338558
0 0.151 0.5642633228840125 0.202 0.12539184952978055
0 0.845 0.6089341692789969 0.186 0.15203761755485892
0 0.406 0.6214733542319749 0.188 0.13949843260188088
0 0.631 0.6269592476489029 0.174 0.1974921630094044