2 0.53478125 0.4875586854460094 0.060781249999999995 0.10760563380281692
2 0.44309374999999995 0.5030516431924883 0.0753125 0.10624413145539906
2 0.7657812500000001 0.507793427230047 0.10246875 0.11272300469483569
2 0.630625 0.5206103286384977 0.10921875 0.14136150234741784
2 0.9390625 0.5331924882629108 0.06725 0.12352112676056337
2 0.06703125 0.5756338028169014 0.13403125 0.163943661971831
2 0.795375 0.5990140845070423 0.10006250000000001 0.1276056338028169
2 0.41703124999999996 0.6509389671361503 0.15603125 0.28070422535211265
2 0.25784375000000004 0.6603286384976526 0.21265625 0.2908450704225352
2 0.6725625 0.6635680751173709 0.1280625 0.17694835680751173
2 0.11668750000000001 0.681830985915493 0.16209374999999998 0.20953051643192488
2 0.14650000000000002 0.857981220657277 0.15921875000000002 0.284037558685446
2 0.8354687500000001 0.8902347417840376 0.25334375 0.21948356807511737
2 0.51746875 0.892206572769953 0.34125 0.2155868544600939
2 0.03990625 0.17943661971830985 0.0455625 0.05943661971830986
2 0.8172499999999999 0.20774647887323944 0.0471875 0.06816901408450704
2 0.39803125 0.26568075117370893 0.06071875 0.07751173708920188
2 0.5406875 0.278075117370892 0.0491875 0.07492957746478873
2 0.08896875 0.32305164319248825 0.059687500000000004 0.07281690140845071
2 0.90825 0.32586854460093895 0.06071875 0.06568075117370892
2 0.7225625 0.3307981220657277 0.07696875 0.08253521126760563
2 0.38087499999999996 0.3424413145539906 0.06546874999999999 0.09018779342723005
2 0.8279375 0.35018779342723005 0.0656875 0.06985915492957746
2 0.97290625 0.395962441314554 0.05421875 0.08769953051643192
2 0.24656250000000002 0.39699530516431925 0.07028124999999999 0.10150234741784038
2 0.3374375 0.3974647887323943 0.067125 0.09854460093896712
2 0.58371875 0.403943661971831 0.07346875 0.09450704225352112
2 0.91771875 0.41145539906103284 0.06103125 0.0823943661971831
2 0.18871875 0.41976525821596244 0.0848125 0.10375586854460095
2 0.44265625000000003 0.42117370892018774 0.08746875 0.09901408450704226
2 0.8379687499999999 0.43661971830985913 0.08153125 0.10375586854460095
2 0.98071875 0.45460093896713616 0.038593749999999996 0.08455399061032864