1 0.1099375 0.06010416666666667 0.078859375 0.11327083333333333
1 0.174328125 0.17489583333333333 0.05425 0.10670833333333334
1 0.11834375 0.19385416666666666 0.05165625 0.10993750000000001
1 0.060984375 0.18708333333333332 0.0465625 0.06862499999999999
1 0.08925 0.11895833333333333 0.089 0.07818750000000001
1 0.03253125 0.28725 0.061812500000000006 0.08145833333333334
1 0.09378125000000001 0.34852083333333334 0.07471875 0.09979166666666667
1 0.177515625 0.326625 0.04265625 0.06297916666666667
1 0.216203125 0.3701875 0.09031249999999999 0.08758333333333333
1 0.258640625 0.4219791666666667 0.11478124999999999 0.09395833333333334
1 0.337359375 0.25079166666666663 0.14485937499999998 0.16827083333333331
1 0.48029687499999996 0.3079791666666667 0.11940625 0.09512499999999999
1 0.35309375 0.22814583333333335 0.11859375000000001 0.10210416666666666
1 0.4054375 0.40410416666666665 0.09203125 0.12766666666666668
1 0.3439375 0.40197916666666667 0.084828125 0.10952083333333333
1 0.373890625 0.48366666666666663 0.123890625 0.07152083333333333
1 0.363953125 0.5285833333333333 0.07082812499999999 0.091875
1 0.2986875 0.5241458333333333 0.10240625 0.11775000000000001
1 0.6084375 0.21945833333333334 0.105640625 0.11945833333333335
1 0.629515625 0.28820833333333334 0.10090625 0.083375
1 0.618859375 0.4098333333333333 0.09 0.12520833333333334
1 0.74059375 0.31285416666666666 0.07307812500000001 0.08404166666666667
1 0.76171875 0.11566666666666667 0.047609374999999995 0.07160416666666666
1 0.8746875 0.16879166666666665 0.06521875 0.07370833333333333
1 0.9585312500000001 0.23929166666666665 0.05059375000000001 0.05497916666666667
1 0.90378125 0.320875 0.076515625 0.09314583333333333
1 0.92678125 0.51 0.06003125 0.07558333333333334
1 0.785046875 0.42385416666666664 0.056765625 0.042145833333333334
1 0.7304999999999999 0.44075000000000003 0.08775 0.13147916666666667
1 0.66521875 0.6132500000000001 0.114125 0.13620833333333332
1 0.7693749999999999 0.5817708333333333 0.09334375 0.1149375
1 0.8531093750000001 0.6119583333333334 0.0716875 0.11279166666666667
1 0.580953125 0.6391041666666666 0.058703125 0.13933333333333334
1 0.526390625 0.6113333333333333 0.084484375 0.16016666666666665
1 0.49625 0.49935416666666665 0.04584375 0.08204166666666667
1 0.44457812499999994 0.5810833333333334 0.086671875 0.1760625
1 0.376484375 0.6360208333333334 0.040578125 0.14704166666666665
1 0.210390625 0.7255 0.12275 0.09683333333333333
1 0.489546875 0.7216875 0.05014062500000001 0.06839583333333334
1 0.517 0.8011458333333333 0.08940624999999999 0.0675625
1 0.72971875 0.7562916666666666 0.056515625 0.05427083333333334
1 0.41134375 0.846 0.060406249999999995 0.09477083333333333