1 0.49559375 0.16427685950413223 0.19242187500000002 0.2528099173553719
1 0.5826875 0.04882231404958678 0.080171875 0.07008264462809918
1 0.622875 0.17675619834710743 0.056359375 0.09179752066115703
1 0.367875 0.047975206611570245 0.083828125 0.0684090909090909
1 0.356984375 0.2828512396694215 0.04309375 0.11805785123966943
1 0.1801875 0.1634710743801653 0.21442187499999998 0.1203305785123967
1 0.8198593750000001 0.13981404958677687 0.27325 0.17634297520661155
1 0.837015625 0.49163223140495865 0.265921875 0.19126033057851238
1 0.830859375 0.8407231404958678 0.26921875 0.2558264462809917
1 0.493953125 0.8170247933884297 0.168328125 0.15332644628099174
1 0.181 0.8254958677685951 0.275296875 0.3149173553719008