4 0.98024 0.557957957957958 0.039520000000000007 0.11489489489489489
4 0.73356 0.5717417417417417 0.07418000000000001 0.10645645645645646
4 0.13706000000000002 0.5852252252252252 0.046479999999999994 0.07336336336336337
4 0.8270599999999999 0.622072072072072 0.07536 0.10894894894894895
4 0.92104 0.6233033033033033 0.08258 0.11357357357357357
4 0.24592 0.6495795795795796 0.05888 0.08594594594594594
4 0.30532 0.652012012012012 0.03324 0.05009009009009009
4 0.3449 0.6762762762762763 0.03886 0.05525525525525525
4 0.5842999999999999 0.683033033033033 0.02896 0.048708708708708706
4 0.11438 0.7152552552552552 0.08023999999999999 0.14552552552552553
4 0.43826 0.7632732732732732 0.037380000000000004 0.06189189189189189
4 0.70552 0.7792792792792793 0.08206000000000001 0.11312312312312313
4 0.35712 0.801921921921922 0.04664 0.07027027027027026