2 0.15044 0.31719033232628396 0.11698 0.15531722054380664
2 0.73934 0.32 0.15478 0.1824773413897281
2 0.48054 0.33755287009063445 0.14634 0.17208459214501512
2 0.62264 0.45054380664652566 0.14708000000000002 0.15873111782477342
2 0.8739199999999999 0.4695166163141994 0.16391999999999998 0.21395770392749242
2 0.0867 0.5382477341389728 0.0752 0.10543806646525679
2 0.50654 0.5546223564954683 0.09108 0.11441087613293051
2 0.80202 0.6093655589123866 0.1687 0.16561933534743203
2 0.35346 0.61 0.13728 0.14963746223564955
2 0.11916 0.649154078549849 0.08584 0.11574018126888218
2 0.6972 0.6874622356495469 0.1305 0.1405438066465257
2 0.27292 0.7272205438066466 0.08764 0.09924471299093655
2 0.15124 0.7806344410876133 0.09924 0.11326283987915409
2 0.64886 0.8134138972809668 0.14236000000000001 0.20688821752265862
2 0.7262000000000001 0.11833836858006043 0.14276 0.14604229607250757
2 0.2645 0.14323262839879153 0.1165 0.13969788519637463
2 0.45588 0.14794561933534742 0.15356 0.14483383685800605
2 0.84972 0.17229607250755288 0.1184 0.16876132930513596
2 0.29974 0.29900302114803623 0.13842 0.1620845921450151