0 0.4228571428571429 0.2555266579973992 0.14285714285714285 0.18855656697009102
0 0.5407142857142857 0.2737321196358908 0.13285714285714287 0.1469440832249675
0 0.3414285714285714 0.3107932379713914 0.17714285714285713 0.10923276983094929
0 0.67 0.32249674902470743 0.12857142857142856 0.15344603381014305
0 0.3514285714285714 0.3992197659297789 0.15142857142857144 0.11183355006501951
0 0.48142857142857143 0.44733420026007803 0.1742857142857143 0.13003901170351106
0 0.6214285714285714 0.4895968790637191 0.1657142857142857 0.12873862158647595
0 0.6992857142857143 0.5793237971391417 0.16428571428571428 0.15214564369310793
0 0.31 0.5845253576072822 0.18 0.11833550065019506
0 0.37642857142857145 0.6866059817945384 0.19285714285714287 0.16384915474642392
0 0.66 0.6989596879063719 0.18571428571428572 0.16775032509752927
0 0.5178571428571429 0.7464239271781534 0.19857142857142857 0.13003901170351106