2 0.7604375 0.47402843601895733 0.0798125 0.114739336492891
2 0.9709375 0.5333649289099527 0.058125 0.09725118483412322
2 0.5973124999999999 0.5392417061611374 0.060843749999999995 0.10293838862559242
2 0.33228125 0.5421327014218009 0.0724375 0.17981042654028434
2 0.5245625 0.5532701421800947 0.121125 0.19417061611374406
2 0.86815625 0.5557345971563982 0.11559375000000001 0.1674881516587678
2 0.693375 0.6808056872037915 0.128 0.16492890995260662
2 0.20828125000000003 0.7100947867298579 0.1314375 0.40393364928909953
2 0.611 0.8436018957345972 0.34603125 0.3127962085308057
2 0.3365625 0.3782938388625592 0.03415625 0.06540284360189574
2 0.39553125 0.37890995260663507 0.03490625 0.06274881516587678
2 0.65559375 0.3923222748815166 0.04196875 0.061706161137440756
2 0.45896875000000004 0.40545023696682464 0.0296875 0.05938388625592417
2 0.58115625 0.4187677725118483 0.036375000000000005 0.059478672985781994
2 0.62365625 0.42227488151658765 0.0484375 0.0704739336492891
2 0.6989062500000001 0.4271090047393365 0.05834375000000001 0.09990521327014217
2 0.94984375 0.43469194312796205 0.06275 0.08739336492890996
2 0.40103125000000006 0.46014218009478675 0.05053125000000001 0.10374407582938389
2 0.180375 0.4634597156398105 0.06290625 0.1528436018957346