4 0.26898 0.31655279503105593 0.09978000000000001 0.15012422360248448
4 0.5093799999999999 0.36372670807453417 0.08284 0.1179503105590062
4 0.38802 0.3685714285714286 0.1189 0.16335403726708075
4 0.8174600000000001 0.4542546583850932 0.07016 0.11903726708074534
4 0.32368 0.5688819875776397 0.08144 0.14295031055900623
4 0.18281999999999998 0.5703105590062112 0.09192 0.16841614906832297
4 0.59784 0.6123913043478261 0.10729999999999999 0.15723602484472052
4 0.9015599999999999 0.6381366459627329 0.0947 0.15049689440993788
4 0.57636 0.2854658385093168 0.08534 0.1575776397515528
4 0.7627999999999999 0.304751552795031 0.09114 0.14925465838509316
4 0.66946 0.30527950310559004 0.0901 0.15071428571428572