4 0.649 0.420875 0.08665625 0.15216666666666667
4 0.1964375 0.44025 0.08871875 0.13645833333333332
4 0.344 0.5011666666666666 0.169375 0.24479166666666666
4 0.56015625 0.5040833333333333 0.10137499999999999 0.170875
4 0.46490625 0.5097916666666666 0.0745625 0.12670833333333334
4 0.052437500000000005 0.5528333333333334 0.10490625 0.24854166666666666
4 0.7213437500000001 0.6036666666666667 0.1270625 0.21804166666666666
4 0.40981249999999997 0.080375 0.08056250000000001 0.104625
4 0.0469375 0.859125 0.09281249999999999 0.28175
4 0.85875 0.12579166666666666 0.10334375 0.18412499999999998
4 0.6480625 0.141875 0.06865625 0.10841666666666666
4 0.5308437500000001 0.1485 0.0858125 0.11841666666666667
4 0.7650625 0.19441666666666665 0.08265625 0.10708333333333334
4 0.30262500000000003 0.20475000000000002 0.09765625 0.1475
4 0.65534375 0.27258333333333334 0.08056250000000001 0.116
4 0.5528125 0.32691666666666663 0.0763125 0.11629166666666667
4 0.5154062500000001 0.412375 0.09221875 0.14225000000000002