4 0.7269687499999999 0.4742253521126761 0.15921875000000002 0.2774647887323944
4 0.22071875 0.493943661971831 0.20115625 0.32262910798122063
4 0.03965625 0.5224413145539906 0.07934375 0.5048826291079812
4 0.9259999999999999 0.5401877934272301 0.14796875 0.33314553990610324
4 0.5155624999999999 0.5470892018779343 0.3088125 0.48774647887323946
4 0.8123125 0.6595305164319248 0.12221875 0.1728638497652582
4 0.0925625 0.8687323943661971 0.185125 0.26253521126760565
4 0.89903125 0.8785915492957745 0.1313125 0.18807511737089203
4 0.41909375000000004 0.9219718309859155 0.15234375 0.156056338028169
4 0.07721875 0.12089201877934272 0.077125 0.14887323943661973
4 0.30171875 0.1336619718309859 0.0926875 0.16854460093896714