4 0.4425 0.6061032863849765 0.13925 0.28497652582159627
4 0.6375625 0.6435211267605634 0.17525 0.4653990610328638
4 0.10115624999999999 0.753755868544601 0.1101875 0.22422535211267605
4 0.71403125 0.12446009389671363 0.10421875 0.2332394366197183
4 0.44603125 0.22619718309859155 0.10984374999999999 0.2372300469483568
4 0.0380625 0.25267605633802814 0.07515625000000001 0.211924882629108
4 0.12734375 0.29464788732394365 0.060687500000000005 0.1451173708920188
4 0.8540625000000001 0.3512206572769953 0.13946875 0.30727699530516434
4 0.63471875 0.3575117370892019 0.16690624999999998 0.3081220657276995
4 0.3283125 0.38328638497652584 0.13225 0.32450704225352117
4 0.02971875 0.4502347417840376 0.0594375 0.21586854460093896