1 0.48345 0.22580851063829785 0.1400875 0.11117021276595744
1 0.9083625000000001 0.2875531914893617 0.179925 0.14957446808510638
1 0.7750125 0.3840425531914894 0.12177500000000001 0.08721276595744681
1 0.747625 0.5660851063829787 0.1184375 0.08536170212765957
1 0.663975 0.8611276595744681 0.09115000000000001 0.07970212765957448
1 0.5346625 0.8285957446808511 0.10247500000000001 0.1763404255319149
1 0.2302125 0.5029361702127659 0.1086375 0.1207872340425532
1 0.3387125 0.4533404255319149 0.0756375 0.07263829787234043
1 0.23074999999999998 0.411 0.1152875 0.07306382978723405
1 0.19085000000000002 0.3528085106382979 0.0701 0.05882978723404255
1 0.154825 0.275 0.07715 0.09042553191489362
1 0.10073750000000001 0.21304255319148935 0.08532500000000001 0.1026595744680851
1 0.24705 0.158468085106383 0.1173 0.10419148936170212
1 0.22763750000000002 0.04753191489361702 0.063475 0.05251063829787234
1 0.4693625 0.12472340425531914 0.066925 0.062212765957446806
1 0.507325 0.0896595744680851 0.0578625 0.08568085106382979
1 0.6774625000000001 0.07325531914893617 0.113125 0.08693617021276595
1 0.9528874999999999 0.4525744680851064 0.0939625 0.06259574468085106
1 0.1993375 0.8114255319148936 0.138125 0.20157446808510637
1 0.3461125 0.9595744680851064 0.1454375 0.08085106382978724
1 0.0738 0.06048936170212766 0.1092 0.07842553191489361
1 0.051449999999999996 0.13885106382978724 0.0738875 0.06493617021276596