2 0.62206 0.31003003003003 0.12847999999999998 0.20366366366366365
2 0.7154400000000001 0.33525525525525524 0.13391999999999998 0.206006006006006
2 0.38814 0.37543543543543545 0.18214 0.2827027027027027
2 0.88146 0.42279279279279275 0.1646 0.23696696696696695
2 0.74246 0.6822522522522523 0.2013 0.34348348348348345
2 0.87498 0.1805105105105105 0.053 0.08072072072072072
2 0.048479999999999995 0.18651651651651652 0.09695999999999999 0.1848048048048048
2 0.7389600000000001 0.19234234234234232 0.08226 0.08840840840840841
2 0.5078199999999999 0.21429429429429428 0.06534000000000001 0.12828828828828828
2 0.44060000000000005 0.21891891891891893 0.09622 0.12954954954954956
2 0.23678 0.2989189189189189 0.1259 0.1574174174174174