0 0.30454545454545456 0.24951267056530213 0.11558441558441558 0.21052631578947367
0 0.12272727272727273 0.30214424951267055 0.18311688311688312 0.26120857699805067
0 0.5474025974025974 0.3888888888888889 0.2818181818181818 0.4074074074074074
0 0.8779220779220779 0.42105263157894735 0.11948051948051948 0.17153996101364521
0 0.18246753246753247 0.52046783625731 0.10519480519480519 0.14814814814814814
0 0.6857142857142857 0.6949317738791423 0.19480519480519481 0.3723196881091618
0 0.13766233766233765 0.7543859649122807 0.2675324675324675 0.39766081871345027
0 0.44025974025974024 0.783625730994152 0.2675324675324675 0.42884990253411304
0 0.9435064935064935 0.9044834307992202 0.11298701298701298 0.19103313840155944
0 0.15 0.14912280701754385 0.11038961038961038 0.16569200779727095
0 0.8383116883116883 0.17348927875243664 0.2038961038961039 0.31968810916179335
0 0.44415584415584414 0.1783625730994152 0.11428571428571428 0.1695906432748538