2 0.8199062500000001 0.44741666666666663 0.058374999999999996 0.144875
2 0.5158750000000001 0.4765 0.1675625 0.27441666666666664
2 0.2526875 0.47866666666666663 0.04 0.08829166666666667
2 0.37571875 0.052875 0.0658125 0.10579166666666667
2 0.13684375 0.5017916666666667 0.07618749999999999 0.10675
2 0.34784375 0.5548333333333333 0.0753125 0.103
2 0.25209375 0.5949166666666666 0.06559374999999999 0.16204166666666667
2 0.71246875 0.8709166666666667 0.08459375 0.1545416666666667
2 0.028125 0.8789166666666667 0.05625 0.19895833333333332
2 0.45484375000000005 0.9275833333333333 0.0811875 0.14483333333333331
2 0.7284375 0.16379166666666667 0.10159375 0.16883333333333334
2 0.8371562499999999 0.2475 0.0445625 0.148625
2 0.57384375 0.271375 0.06921875 0.08641666666666666
2 0.10600000000000001 0.28891666666666665 0.046625 0.08958333333333333
2 0.026468750000000003 0.4155 0.052937500000000005 0.14454166666666665