1 0.10303333333333334 0.56855 0.076 0.0986
1 0.29736666666666667 0.5489 0.06396666666666667 0.0842
1 0.020733333333333333 0.6217 0.041466666666666666 0.1025
1 0.05223333333333333 0.7138500000000001 0.064 0.09140000000000001
1 0.10136666666666666 0.6430500000000001 0.07440000000000001 0.06795
1 0.1707 0.6328499999999999 0.06456666666666667 0.08839999999999999
1 0.14896666666666666 0.7636499999999999 0.16979999999999998 0.18635000000000002
1 0.06079999999999999 0.8931999999999999 0.11143333333333333 0.20915
1 0.16313333333333332 0.92535 0.1112 0.13255
1 0.2702 0.9233499999999999 0.0999 0.1285
1 0.3611 0.8576999999999999 0.22719999999999999 0.16995000000000002
1 0.23959999999999998 0.5954 0.06433333333333334 0.10445
1 0.8725 0.5847 0.11063333333333332 0.1421
1 0.7803666666666668 0.266 0.104 0.1502
1 0.7812 0.4714 0.07503333333333334 0.12465