1 0.5280267558528428 0.9104 0.0817056856187291 0.09773333333333332
1 0.7109364548494983 0.28311111111111115 0.06682274247491639 0.14226666666666665
1 0.5249832775919733 0.1999111111111111 0.16822742474916386 0.11946666666666667
1 0.3794648829431438 0.25231111111111115 0.08304347826086957 0.08066666666666666
1 0.42806020066889633 0.28200000000000003 0.06705685618729097 0.07853333333333334
1 0.4758193979933111 0.27693333333333336 0.03906354515050167 0.05471111111111111
1 0.5059531772575251 0.2998222222222222 0.11160535117056855 0.07995555555555554
1 0.5979933110367893 0.30413333333333337 0.03130434782608695 0.0748888888888889
1 0.25304347826086954 0.3015111111111111 0.05658862876254181 0.09022222222222223
1 0.3073578595317726 0.27688888888888885 0.050903010033444815 0.08195555555555556
1 0.30006688963210704 0.4592 0.058026755852842817 0.09102222222222223
1 0.37411371237458196 0.4285333333333333 0.09809364548494982 0.1254222222222222
1 0.38531772575250833 0.35128888888888893 0.07933110367892976 0.0872
1 0.44849498327759196 0.4170666666666667 0.08247491638795987 0.10248888888888888
1 0.5075250836120402 0.3686666666666667 0.08193979933110368 0.08773333333333333
1 0.5709698996655518 0.4027555555555556 0.05441471571906354 0.07386666666666668
1 0.6647826086956522 0.4524444444444444 0.08214046822742474 0.07075555555555556
1 0.6505016722408027 0.41035555555555553 0.1002675585284281 0.08906666666666667
1 0.6224080267558528 0.5441777777777778 0.1257190635451505 0.09693333333333333
1 0.5585284280936454 0.4859555555555556 0.14023411371237457 0.1036
1 0.46682274247491645 0.47328888888888887 0.07254180602006689 0.08506666666666667
1 0.48672240802675587 0.5520444444444444 0.08317725752508362 0.04422222222222222
1 0.39591973244147155 0.5515111111111112 0.08474916387959866 0.05688888888888889
1 0.33468227424749164 0.5433777777777778 0.10668896321070234 0.08159999999999999