1 0.20909999999999998 0.51265 0.09326666666666666 0.1946
1 0.04533333333333333 0.46924999999999994 0.09066666666666666 0.1462
1 0.1212 0.1519 0.07643333333333334 0.1115
1 0.14123333333333332 0.06974999999999999 0.09086666666666667 0.09335
1 0.08286666666666666 0.24475000000000002 0.1126 0.07415
1 0.17503333333333332 0.21425 0.09183333333333334 0.07465
1 0.2874333333333334 0.17364999999999997 0.12169999999999999 0.07035
1 0.3264 0.1067 0.06636666666666667 0.06724999999999999
1 0.39963333333333334 0.08710000000000001 0.07436666666666666 0.08195000000000001
1 0.4627666666666667 0.15545 0.07239999999999999 0.10325
1 0.4896 0.1173 0.049133333333333334 0.0654
1 0.3796333333333333 0.22905 0.07540000000000001 0.0812
1 0.0466 0.90155 0.09323333333333333 0.14925
1 0.05156666666666667 0.9673 0.10313333333333334 0.0654
1 0.1541 0.9654 0.07556666666666667 0.06924999999999999
1 0.45149999999999996 0.5839500000000001 0.1575666666666667 0.1525
1 0.5428333333333333 0.63315 0.09920000000000001 0.12789999999999999
1 0.5998333333333333 0.9519 0.10036666666666666 0.09615
1 0.7157666666666667 0.5663 0.11173333333333334 0.11725
1 0.8247 0.7081999999999999 0.1245 0.1549
1 0.9709666666666668 0.96345 0.05806666666666667 0.0731
1 0.8190999999999999 0.5109 0.10303333333333334 0.1602
1 0.9348333333333333 0.5052 0.0781 0.13345
1 0.8202 0.34895000000000004 0.08466666666666667 0.1133
1 0.9085333333333333 0.29595 0.07673333333333333 0.09185
1 0.6932666666666666 0.1052 0.06673333333333333 0.0643
1 0.6454333333333333 0.17684999999999998 0.07363333333333333 0.08445
1 0.5950333333333333 0.06155 0.10106666666666667 0.09234999999999999