1 0.38103333333333333 0.14118721461187214 0.06276666666666667 0.08566210045662101
1 0.2734 0.45917808219178086 0.07316666666666666 0.047214611872146116
1 0.33496666666666663 0.8631050228310503 0.0723 0.08748858447488585
1 0.3004 0.4319178082191781 0.09946666666666666 0.052054794520547946
1 0.36433333333333334 0.41986301369863016 0.04953333333333333 0.07365296803652968
1 0.4363666666666667 0.4250228310502283 0.049166666666666664 0.03319634703196347
1 0.49096666666666666 0.4274429223744292 0.03983333333333333 0.0684931506849315
1 0.5190666666666667 0.46808219178082194 0.052066666666666664 0.05849315068493151
1 0.18416666666666667 0.5153424657534247 0.0633 0.04639269406392694
1 0.24060000000000004 0.5048858447488584 0.0465 0.06100456621004566
1 0.28983333333333333 0.4982191780821918 0.04873333333333333 0.05785388127853881
1 0.3404333333333333 0.49283105022831053 0.05733333333333333 0.05721461187214612
1 0.37906666666666666 0.5035616438356164 0.0716 0.08374429223744292
1 0.5393 0.5140639269406393 0.04766666666666667 0.06415525114155252
1 0.42916666666666664 0.5431050228310502 0.05783333333333334 0.0563013698630137
1 0.39963333333333334 0.5742922374429223 0.06459999999999999 0.05776255707762557
1 0.34800000000000003 0.5685388127853882 0.0794 0.07675799086757991
1 0.3043 0.5729680365296804 0.0628 0.05511415525114156
1 0.24170000000000003 0.5723287671232877 0.04753333333333333 0.06904109589041095
1 0.20183333333333334 0.589041095890411 0.0505 0.056849315068493146
1 0.23026666666666665 0.6612785388127853 0.06663333333333332 0.05926940639269407