1 0.5817 0.8762841530054646 0.0846 0.12163934426229508
1 0.37553333333333333 0.8370491803278689 0.11233333333333334 0.11879781420765026
1 0.3655 0.7184153005464481 0.0862 0.11693989071038251
1 0.4118 0.6213114754098361 0.07303333333333334 0.0908743169398907
1 0.36043333333333333 0.5482513661202185 0.0985 0.07081967213114755
1 0.4673 0.6010382513661202 0.0815 0.06715846994535518
1 0.48306666666666664 0.7028415300546448 0.09213333333333333 0.07737704918032787
1 0.5476666666666667 0.7389071038251366 0.08086666666666667 0.07382513661202186
1 0.4918666666666667 0.7922404371584699 0.0694 0.07125683060109289
1 0.41673333333333334 0.9602732240437158 0.0966 0.0794535519125683
1 0.5685 0.6475956284153006 0.08386666666666667 0.08459016393442623
1 0.5691666666666667 0.5410382513661203 0.08006666666666666 0.07327868852459017