1 0.6021666666666667 0.5020855614973262 0.04313333333333333 0.057647058823529405
1 0.5577 0.49866310160427807 0.05243333333333333 0.08288770053475936
1 0.5427333333333333 0.253475935828877 0.05763333333333333 0.07379679144385028
1 0.5898333333333333 0.23727272727272725 0.04176666666666667 0.0413903743315508
1 0.6193 0.22497326203208556 0.030733333333333335 0.03818181818181818
1 0.4991 0.29967914438502674 0.0363 0.09663101604278075
1 0.7529666666666667 0.32459893048128347 0.0281 0.06636363636363636
1 0.33146666666666663 0.3828342245989305 0.07493333333333334 0.06513368983957218
1 0.14353333333333335 0.5336898395721925 0.05746666666666666 0.08342245989304813
1 0.23526666666666665 0.4822994652406417 0.057300000000000004 0.050160427807486634
1 0.17233333333333334 0.9319786096256685 0.05986666666666667 0.05112299465240642
1 0.1372 0.8082352941176469 0.08013333333333333 0.06566844919786095
1 0.08886666666666666 0.9786096256684492 0.046799999999999994 0.0427807486631016
1 0.233 0.9492513368983957 0.0552 0.04818181818181818
1 0.7720666666666667 0.8025668449197861 0.0896 0.08647058823529413
1 0.8249 0.5118716577540107 0.0919 0.066524064171123
1 0.8358333333333333 0.7133155080213903 0.10716666666666666 0.16989304812834224