1 0.8075333333333333 0.5637185929648242 0.09223333333333333 0.0928643216080402
1 0.758 0.34301507537688447 0.06186666666666666 0.059346733668341714
1 0.8819 0.3114572864321608 0.029799999999999997 0.06125628140703517
1 0.9445333333333333 0.5806532663316583 0.04173333333333333 0.09125628140703518
1 0.8921666666666666 0.4826130653266332 0.04843333333333333 0.07251256281407036
1 0.5610666666666666 0.5277386934673367 0.03833333333333333 0.0800502512562814
1 0.5691333333333334 0.8738190954773869 0.02316666666666667 0.06276381909547739
1 0.4401666666666667 0.4913065326633166 0.0515 0.08994974874371858
1 0.5117666666666667 0.40386934673366837 0.06526666666666667 0.09829145728643215
1 0.5399666666666667 0.3436683417085427 0.0785 0.09020100502512562
1 0.6631333333333334 0.13321608040201005 0.0347 0.059547738693467335
1 0.6794666666666667 0.09753768844221106 0.03593333333333333 0.0649748743718593
1 0.7223666666666667 0.148643216080402 0.035500000000000004 0.0607537688442211
1 0.7623333333333333 0.15105527638190955 0.04873333333333333 0.0892462311557789
1 0.6327333333333333 0.25386934673366834 0.049666666666666665 0.08793969849246232
1 0.6339333333333333 0.361608040201005 0.039433333333333334 0.049296482412060305
1 0.6134666666666666 0.4561306532663316 0.041166666666666664 0.078643216080402
1 0.5544333333333333 0.44623115577889444 0.056499999999999995 0.0707035175879397
1 0.5893333333333334 0.3860301507537688 0.04393333333333333 0.06266331658291457
1 0.7687 0.4735175879396985 0.09676666666666667 0.06025125628140704
1 0.6490333333333334 0.6002010050251256 0.06803333333333333 0.08306532663316583
1 0.8485 0.6714572864321608 0.05243333333333333 0.0836683417085427