1 0.2894666666666667 0.7000444444444444 0.16106666666666666 0.09871111111111111
1 0.384 0.3981777777777778 0.1368 0.11013333333333333
1 0.49860000000000004 0.3027111111111111 0.15266666666666664 0.1040888888888889
1 0.6284000000000001 0.38986666666666664 0.17226666666666668 0.08284444444444444
1 0.44813333333333333 0.4968444444444445 0.169 0.07635555555555555
1 0.5473333333333333 0.45622222222222225 0.13273333333333334 0.06977777777777777
1 0.3178666666666667 0.4840888888888889 0.15919999999999998 0.061511111111111114
1 0.19033333333333333 0.31871111111111106 0.2667333333333333 0.09697777777777777
1 0.38886666666666664 0.1744888888888889 0.14646666666666666 0.06453333333333333
1 0.4072 0.11395555555555556 0.10313333333333334 0.046622222222222225
1 0.5516666666666666 0.14333333333333334 0.1094 0.059111111111111114
1 0.6542 0.1978222222222222 0.17053333333333331 0.08986666666666666
1 0.7223333333333333 0.29511111111111116 0.11473333333333334 0.08177777777777777
1 0.9304 0.29240000000000005 0.12553333333333333 0.10128888888888889
1 0.7962 0.3665333333333333 0.12373333333333332 0.07528888888888889