1 0.04313333333333333 0.10755 0.07966666666666666 0.11505000000000001
1 0.7928000000000001 0.07005 0.18033333333333335 0.12475
1 0.9543 0.2404 0.09140000000000001 0.1115
1 0.8116666666666666 0.22690000000000002 0.17853333333333335 0.14615
1 0.9517333333333333 0.38655 0.0965 0.1808
1 0.05046666666666667 0.39704999999999996 0.10093333333333333 0.18635000000000002
1 0.07866666666666668 0.5716 0.15733333333333335 0.18170000000000003
1 0.4089 0.16210000000000002 0.14813333333333334 0.1396
1 0.4769 0.25565 0.13143333333333332 0.1574
1 0.2652 0.70675 0.15353333333333333 0.18275
1 0.4043333333333333 0.68145 0.12136666666666665 0.1783
1 0.36306666666666665 0.8123 0.1629 0.17845
1 0.5438999999999999 0.3922 0.08086666666666667 0.1536
1 0.5584666666666667 0.5496500000000001 0.10540000000000001 0.15315
1 0.6413666666666666 0.5681499999999999 0.05756666666666666 0.2132
1 0.8109666666666666 0.6342 0.14826666666666666 0.18375
1 0.6457333333333334 0.8795999999999999 0.13086666666666666 0.14385