1 0.2972666666666667 0.2762 0.08426666666666667 0.0908
1 0.22643333333333335 0.30579999999999996 0.06176666666666667 0.08855
1 0.1439 0.39039999999999997 0.07813333333333333 0.1193
1 0.19643333333333332 0.4708 0.06023333333333333 0.10314999999999999
1 0.24116666666666664 0.5961 0.0836 0.12295
1 0.3501 0.49715000000000004 0.0778 0.1097
1 0.2756 0.446 0.0763 0.09970000000000001
1 0.1769 0.59565 0.03916666666666667 0.10665
1 0.33416666666666667 0.6032 0.08186666666666666 0.1295
1 0.43876666666666664 0.4288 0.05003333333333333 0.08839999999999999
1 0.432 0.564 0.08266666666666667 0.1434
1 0.26263333333333333 0.6962 0.08173333333333334 0.0616