1 0.17709722222222224 0.09091666666666667 0.17001388888888888 0.11514583333333334
1 0.4614861111111111 0.6071875 0.17902777777777779 0.1726875
1 0.175 0.9270833333333334 0.20754166666666668 0.14583333333333334
1 0.035222222222222224 0.89375 0.07044444444444445 0.2125
1 0.2285 0.7699791666666667 0.1272361111111111 0.08995833333333333
1 0.6082777777777777 0.9119375000000001 0.0978888888888889 0.0905625
1 0.6394444444444444 0.7238749999999999 0.07134722222222221 0.12277083333333333
1 0.9352222222222223 0.5859375 0.12955555555555556 0.17189583333333333
1 0.9021805555555557 0.8916666666666667 0.16902777777777778 0.21666666666666667
1 0.7476388888888889 0.6830416666666667 0.11227777777777778 0.11608333333333333
1 0.474125 0.7963749999999999 0.07598611111111112 0.15108333333333332
1 0.6055416666666666 0.5602916666666666 0.07425 0.12058333333333333
1 0.3823333333333333 0.25975000000000004 0.11509722222222223 0.1695
1 0.20122222222222222 0.40227083333333336 0.13845833333333332 0.1461875
1 0.1415 0.6856666666666666 0.10877777777777776 0.10464583333333333