1 0.25079999999999997 0.5104126984126984 0.04293333333333334 0.11463492063492063
1 0.15330000000000002 0.5201904761904762 0.0449 0.09377777777777778
1 0.22356666666666664 0.34019047619047615 0.03393333333333333 0.06853968253968254
1 0.24641666666666664 0.40653968253968253 0.06448333333333332 0.08006349206349206
1 0.19640000000000002 0.5397142857142857 0.04626666666666667 0.07507936507936508
1 0.19 0.6666349206349207 0.051649999999999995 0.08653968253968254
1 0.2364 0.6095873015873016 0.023216666666666667 0.0820952380952381
1 0.25615 0.6139365079365079 0.029400000000000003 0.07920634920634921
1 0.3070333333333333 0.5084126984126984 0.0736 0.08755555555555555
1 0.33755 0.553968253968254 0.06188333333333334 0.08631746031746032
1 0.3440833333333333 0.3904444444444444 0.0295 0.06517460317460318
1 0.31356666666666666 0.34060317460317463 0.03818333333333333 0.05784126984126984
1 0.19008333333333333 0.32701587301587304 0.039683333333333334 0.05377777777777778
1 0.3699 0.2811111111111111 0.0387 0.06003174603174603
1 0.3791333333333333 0.38015873015873014 0.038983333333333335 0.05038095238095238
1 0.4047 0.4393650793650794 0.04165 0.07066666666666667
1 0.37060000000000004 0.46949206349206346 0.05223333333333333 0.06161904761904762
1 0.34155 0.6793968253968253 0.05171666666666667 0.07165079365079365
1 0.25438333333333335 0.7471111111111112 0.05011666666666667 0.11473015873015874
1 0.28503333333333336 0.658984126984127 0.05383333333333333 0.08850793650793651
1 0.29415 0.7451746031746032 0.04006666666666667 0.0761904761904762
1 0.3537666666666667 0.8104761904761905 0.04886666666666667 0.07980952380952382
1 0.27971666666666667 0.876031746031746 0.06588333333333334 0.09549206349206349
1 0.319 0.8104761904761905 0.0369 0.06247619047619048
1 0.3384666666666667 0.923079365079365 0.05143333333333333 0.09723809523809523
1 0.4219333333333333 0.3541587301587302 0.04885 0.08495238095238096
1 0.4706 0.2742857142857143 0.027983333333333332 0.052158730158730154
1 0.5172666666666667 0.25625396825396823 0.03345 0.06806349206349206
1 0.5276333333333333 0.17225396825396824 0.03295 0.08476190476190476
1 0.43431666666666663 0.22209523809523807 0.07663333333333333 0.08053968253968254
1 0.5532666666666667 0.2153968253968254 0.032733333333333337 0.061396825396825394
1 0.5772166666666666 0.2749206349206349 0.023033333333333333 0.07653968253968253
1 0.47353333333333336 0.5181269841269841 0.041916666666666665 0.08384126984126984
1 0.5358333333333334 0.4514285714285714 0.038516666666666664 0.07171428571428572
1 0.5814166666666667 0.36742857142857144 0.044333333333333336 0.05952380952380952
1 0.48105 0.324 0.032933333333333335 0.047746031746031745
1 0.4262 0.624952380952381 0.07898333333333334 0.06088888888888889
1 0.4061166666666666 0.6628888888888889 0.03128333333333333 0.09057142857142858
1 0.3822333333333333 0.7178095238095239 0.04268333333333333 0.08495238095238096
1 0.42806666666666665 0.7850793650793652 0.061116666666666666 0.1271746031746032
1 0.49008333333333337 0.7866666666666667 0.051816666666666664 0.08419047619047619
1 0.4503333333333333 0.8681269841269841 0.07616666666666667 0.08542857142857142
1 0.40186666666666665 0.9568253968253968 0.05188333333333333 0.0839047619047619
1 0.44715000000000005 0.937142857142857 0.04473333333333333 0.07342857142857143
1 0.4734333333333333 0.9704126984126984 0.042100000000000005 0.05917460317460318
1 0.5147166666666666 0.9833968253968254 0.0656 0.03317460317460317
1 0.5368166666666666 0.9176825396825397 0.04223333333333333 0.08644444444444445
1 0.5415833333333333 0.8513333333333334 0.030566666666666666 0.08647619047619047
1 0.56715 0.9458730158730159 0.033216666666666665 0.10822222222222223
1 0.5783 0.8448888888888888 0.037316666666666665 0.0793968253968254
1 0.5741333333333334 0.7081269841269842 0.05325 0.10022222222222223
1 0.5374500000000001 0.5281269841269842 0.04655 0.06346031746031745
1 0.5350333333333332 0.5888253968253968 0.03868333333333333 0.05784126984126984
1 0.5738833333333333 0.5635873015873016 0.031516666666666665 0.09396825396825398
1 0.6066333333333334 0.6178095238095238 0.039433333333333334 0.0812063492063492
1 0.6702833333333333 0.6565079365079366 0.045516666666666664 0.08936507936507936
1 0.6412833333333333 0.6888571428571428 0.036033333333333334 0.06749206349206349
1 0.6152666666666667 0.7691746031746032 0.04763333333333333 0.08958730158730159
1 0.6241833333333333 0.8545714285714285 0.04361666666666667 0.08146031746031746
1 0.6514333333333333 0.7778095238095237 0.037599999999999995 0.09526984126984127
1 0.6460166666666667 0.8804126984126983 0.045399999999999996 0.0926984126984127
1 0.6824833333333333 0.9026031746031746 0.03611666666666667 0.0966984126984127
1 0.6862166666666667 0.318 0.022600000000000002 0.07038095238095239
1 0.6348 0.372984126984127 0.02845 0.0533015873015873
1 0.6095666666666667 0.5100317460317461 0.03345 0.07920634920634921
1 0.6759833333333333 0.5501904761904762 0.03573333333333333 0.08450793650793652
1 0.7168666666666667 0.5734920634920635 0.03568333333333333 0.07917460317460318
1 0.7222999999999999 0.6975555555555555 0.046533333333333336 0.09066666666666666
1 0.7909 0.7522539682539683 0.043533333333333334 0.055746031746031745
1 0.744 0.8487301587301588 0.04641666666666667 0.0813015873015873
1 0.6935 0.7616190476190476 0.03531666666666667 0.06866666666666667
1 0.7899 0.8380317460317461 0.03645 0.08298412698412698
1 0.8194166666666667 0.8419365079365079 0.0289 0.08501587301587302
1 0.7696333333333333 0.9058730158730159 0.058800000000000005 0.06282539682539683
1 0.8057 0.9431428571428571 0.03211666666666667 0.09120634920634921
1 0.6834166666666667 0.9805079365079366 0.05243333333333333 0.038952380952380954
1 0.7857000000000001 0.489936507936508 0.055150000000000005 0.1602222222222222
1 0.8006833333333334 0.6232063492063492 0.027533333333333333 0.08625396825396826