1 0.06230483271375465 0.19368983957219252 0.090817843866171 0.0895187165775401
1 0.10111524163568773 0.04550802139037433 0.13130111524163568 0.09101604278074867
1 0.28806691449814126 0.19459893048128343 0.0962453531598513 0.10647058823529412
1 0.22226765799256507 0.28240641711229947 0.09371747211895912 0.09882352941176471
1 0.12256505576208178 0.3159893048128342 0.09130111524163569 0.11245989304812835
1 0.03631970260223048 0.3239572192513369 0.07263940520446097 0.11315508021390375
1 0.08988847583643123 0.4764705882352941 0.06115241635687732 0.08967914438502674
1 0.09531598513011152 0.6179679144385027 0.1298884758364312 0.10529411764705883
1 0.27680297397769515 0.4611229946524064 0.10557620817843866 0.12010695187165776
1 0.3009293680297398 0.3311764705882353 0.07951672862453532 0.08176470588235293
1 0.3642379182156134 0.2888770053475936 0.09460966542750929 0.0888235294117647
1 0.39275092936802974 0.18294117647058825 0.05605947955390335 0.09844919786096257
1 0.4523791821561338 0.09406417112299466 0.11156133828996283 0.08877005347593583
1 0.44895910780669146 0.19802139037433156 0.0970631970260223 0.0827807486631016
1 0.5323048327137546 0.19481283422459894 0.08553903345724907 0.07641711229946524
1 0.5976208178438661 0.11401069518716578 0.11524163568773234 0.0904812834224599
1 0.6666171003717472 0.20379679144385027 0.10988847583643122 0.06385026737967914
1 0.7858364312267657 0.15336898395721926 0.08806691449814127 0.07748663101604278
1 0.8205204460966543 0.03556149732620321 0.09368029739776951 0.0711764705882353
1 0.9386988847583643 0.14288770053475935 0.11234200743494423 0.11005347593582887
1 0.7739776951672862 0.42213903743315506 0.10553903345724908 0.08037433155080213
1 0.881635687732342 0.433475935828877 0.07256505576208178 0.08010695187165776
1 0.8778438661710036 0.5963636363636363 0.08903345724907064 0.054491978609625666
1 0.7483271375464684 0.6165775401069519 0.0612639405204461 0.11780748663101605
1 0.6678810408921932 0.8502673796791443 0.09472118959107807 0.11155080213903742
1 0.41278810408921934 0.8678609625668449 0.09505576208178439 0.07802139037433155
1 0.2699256505576208 0.8032620320855616 0.07810408921933086 0.0939572192513369
1 0.5481412639405204 0.34598930481283424 0.10052044609665427 0.09614973262032085