1 0.24235537190082643 0.24985645933014353 0.3590495867768595 0.3800478468899522
1 0.35801652892561986 0.06253588516746411 0.16665289256198346 0.10712918660287081
1 0.6522727272727272 0.695645933014354 0.18698347107438015 0.19516746411483255
1 0.8668595041322315 0.8501435406698565 0.23392561983471075 0.2469377990430622
1 0.8182231404958678 0.5592344497607655 0.2140909090909091 0.07177033492822966
1 0.5507438016528926 0.708755980861244 0.08834710743801652 0.2632057416267943
1 0.3639256198347107 0.6386124401913875 0.08545454545454545 0.07511961722488038
1 0.43553719008264463 0.731244019138756 0.06338842975206611 0.06301435406698565
1 0.32231404958677684 0.7610047846889952 0.11132231404958678 0.05071770334928229
1 0.25086776859504134 0.7272248803827752 0.052809917355371896 0.04291866028708134
1 0.20272727272727273 0.7959330143540669 0.06640495867768595 0.06674641148325358
1 0.08570247933884297 0.7710047846889951 0.10942148760330579 0.06473684210526315
1 0.18570247933884296 0.7033971291866028 0.054421487603305785 0.0431578947368421
1 0.18115702479338844 0.6513397129186602 0.07115702479338842 0.04076555023923445
1 0.08942148760330579 0.6806698564593301 0.05545454545454545 0.06349282296650717
1 0.02628099173553719 0.6780382775119618 0.05256198347107438 0.07014354066985647
1 0.05173553719008264 0.6266985645933014 0.05334710743801653 0.05129186602870814
1 0.04082644628099174 0.5732057416267943 0.07516528925619835 0.045885167464114834
1 0.2481818181818182 0.5864593301435407 0.12260330578512398 0.07837320574162679