1 0.14893333333333333 0.07592 0.21602666666666667 0.09186
1 0.44136 0.08344 0.2712 0.06688
1 0.43029333333333336 0.19796 0.224 0.09992
1 0.12181333333333333 0.22238 0.22226666666666664 0.07673999999999999
1 0.69272 0.21092 0.23245333333333335 0.09384
1 0.6494666666666667 0.32874000000000003 0.28168 0.10945999999999999
1 0.7572 0.3985 0.17288 0.065
1 0.4002933333333334 0.417 0.2839733333333333 0.11
1 0.14962666666666666 0.4073 0.23063999999999998 0.11458
1 0.48189333333333334 0.54764 0.3698666666666666 0.14328
1 0.9391466666666667 0.60434 0.12170666666666667 0.0487
1 0.7274666666666667 0.5902000000000001 0.20568 0.04438
1 0.7744533333333333 0.78962 0.28232 0.12724
1 0.4803733333333333 0.7464400000000001 0.24117333333333332 0.10887999999999999
1 0.21042666666666665 0.83412 0.30104 0.14024
1 0.18264 0.66776 0.20730666666666667 0.0835