1 0.3808666666666667 0.6380392156862745 0.06576666666666667 0.07700980392156863
1 0.22 0.11553921568627451 0.0747 0.07269607843137255
1 0.2034 0.054950980392156866 0.06683333333333334 0.10235294117647058
1 0.11156666666666666 0.1885294117647059 0.045399999999999996 0.10558823529411765
1 0.25566666666666665 0.18995098039215685 0.07513333333333333 0.08573529411764705
1 0.3123666666666666 0.30583333333333335 0.06943333333333333 0.0686764705882353
1 0.25456666666666666 0.2646078431372549 0.056799999999999996 0.06166666666666667
1 0.28503333333333336 0.1303921568627451 0.0523 0.10245098039215686
1 0.33773333333333333 0.1768627450980392 0.08533333333333334 0.08225490196078432
1 0.3402 0.12382352941176471 0.07013333333333333 0.10441176470588236
1 0.38676666666666665 0.22044117647058822 0.06936666666666666 0.09401960784313726
1 0.41296666666666665 0.2082843137254902 0.08873333333333333 0.09985294117647059