1 0.11911111111111111 0.6711166666666667 0.10166666666666667 0.15056666666666668
1 0.03632222222222222 0.8633000000000001 0.06168888888888889 0.21824999999999997
1 0.07956666666666666 0.3470666666666667 0.10297777777777778 0.17745
1 0.34031111111111106 0.3541833333333333 0.10463333333333334 0.13338333333333333
1 0.45630000000000004 0.30319999999999997 0.10604444444444444 0.12723333333333334
1 0.40471111111111113 0.45409999999999995 0.09713333333333334 0.1457
1 0.521988888888889 0.44106666666666666 0.11521111111111111 0.17378333333333332
1 0.6200222222222223 0.5649500000000001 0.11682222222222222 0.14241666666666666
1 0.6848000000000001 0.5085833333333333 0.09916666666666667 0.11718333333333333
1 0.8971555555555556 0.7196166666666667 0.1539111111111111 0.13508333333333333
1 0.7824111111111111 0.84245 0.10284444444444445 0.1224
1 0.6569999999999999 0.9372166666666667 0.12588888888888888 0.12443333333333333