1 0.5851505016722408 0.16324444444444444 0.058294314381270904 0.03275555555555556
1 0.6818729096989966 0.31328888888888884 0.04528428093645485 0.05462222222222222
1 0.3999665551839465 0.2129333333333333 0.05434782608695652 0.054844444444444446
1 0.521103678929766 0.22644444444444445 0.031973244147157194 0.02782222222222222
1 0.4470568561872909 0.2690666666666667 0.058428093645484944 0.07053333333333334
1 0.5083612040133779 0.2597333333333333 0.05882943143812709 0.0672888888888889
1 0.5851839464882943 0.3034222222222222 0.058361204013377924 0.07737777777777778
1 0.6372240802675585 0.42560000000000003 0.06438127090301003 0.09755555555555555
1 0.6888628762541806 0.4663111111111111 0.05709030100334448 0.05915555555555556
1 0.40404682274247494 0.38302222222222226 0.0654180602006689 0.08586666666666667
1 0.3458528428093645 0.3252 0.05083612040133779 0.051333333333333335
1 0.3492642140468228 0.3867111111111111 0.04605351170568562 0.058444444444444445
1 0.4235785953177258 0.3243111111111111 0.04053511705685618 0.038000000000000006
1 0.4468896321070234 0.37644444444444447 0.04645484949832776 0.057199999999999994
1 0.547123745819398 0.3836444444444444 0.0637123745819398 0.05231111111111111
1 0.590133779264214 0.42831111111111114 0.05956521739130435 0.07204444444444445
1 0.5875919732441471 0.4979555555555556 0.061872909698996656 0.07222222222222222
1 0.5407692307692308 0.4884 0.04501672240802676 0.053066666666666665
1 0.5187625418060201 0.4556444444444444 0.06287625418060201 0.07262222222222223
1 0.46428093645484947 0.4304444444444444 0.04093645484949833 0.053200000000000004
1 0.4564882943143813 0.4779555555555556 0.03903010033444816 0.06702222222222222
1 0.4072240802675585 0.4520444444444444 0.06197324414715719 0.05773333333333333
1 0.38173913043478264 0.5311555555555556 0.06060200668896321 0.03431111111111111
1 0.507056856187291 0.5631111111111111 0.08244147157190634 0.09048888888888888