1 0.8707368421052631 0.28919999999999996 0.032947368421052635 0.03848888888888889
1 0.885438596491228 0.30413333333333337 0.025964912280701757 0.03542222222222222
1 0.8347017543859648 0.34786666666666666 0.03364912280701755 0.05048888888888889
1 0.8148421052631578 0.36346666666666666 0.03810526315789473 0.035555555555555556
1 0.8048771929824561 0.2726222222222222 0.031157894736842107 0.03497777777777778
1 0.8838245614035087 0.4142222222222222 0.03308771929824561 0.03502222222222222
1 0.7901754385964912 0.44533333333333336 0.032947368421052635 0.031422222222222226
1 0.7471929824561403 0.37560000000000004 0.027543859649122805 0.02693333333333333
1 0.7238947368421053 0.35386666666666666 0.03554385964912281 0.03617777777777778
1 0.6421403508771929 0.3871111111111111 0.03438596491228071 0.030133333333333335
1 0.6414736842105263 0.36560000000000004 0.025368421052631582 0.036533333333333334
1 0.6801754385964912 0.18106666666666668 0.01031578947368421 0.036222222222222225
1 0.654561403508772 0.14951111111111112 0.03554385964912281 0.0324
1 0.6932982456140351 0.15257777777777776 0.020421052631578947 0.03191111111111111
1 0.6308070175438597 0.1912 0.020666666666666667 0.04328888888888889
1 0.635017543859649 0.2313333333333333 0.0252280701754386 0.034666666666666665