1 0.5341610738255034 0.06471111111111111 0.12194630872483223 0.0636
1 0.15832214765100672 0.0768888888888889 0.11261744966442953 0.08791111111111112
1 0.16275167785234898 0.23435555555555554 0.08885906040268457 0.057199999999999994
1 0.23147651006711412 0.30617777777777777 0.10818791946308726 0.05271111111111111
1 0.5285906040268457 0.2740444444444444 0.1506711409395973 0.05097777777777778
1 0.7295302013422819 0.13093333333333335 0.13986577181208054 0.07751111111111111
1 0.708255033557047 0.08822222222222223 0.11718120805369128 0.05791111111111111
1 0.5730201342281879 0.15497777777777777 0.13 0.043333333333333335
1 0.5286577181208053 0.1381777777777778 0.1276510067114094 0.049155555555555557
1 0.361744966442953 0.08168888888888888 0.09859060402684564 0.0416
1 0.2746979865771812 0.05368888888888889 0.12355704697986578 0.03497777777777778